0.0053159999999999995 0.0 0.0 
1.005316 0.0 0.0 
2.021656 36.460394903904735 38.654623662955565 
3.0216559999999997 32.142659987268104 30.292555311071144 
4.020566666666666 32.5637424844424 38.81077963122248 
5.020566666666667 34.98457135477486 37.90069936503037 
6.020566666666668 33.89535526093957 38.20668291656525 
7.020566666666669 33.45029356644252 37.47267412835223 
8.020566666666669 37.15758077651964 38.45363790679985 
9.021656 41.01474310063889 34.834313104828496 
10.020566666666667 34.50062038137276 31.93204601952403 
11.021655999999998 35.228235689372056 26.091071095984667 
12.020566666666664 36.8259686689147 31.99870380787793 
13.021655999999995 35.45676121631028 38.415612266603915 
14.021655999999995 34.06465772329441 25.831102697407914 
15.021655999999995 32.28355133434479 30.227196801025435 
16.021655999999993 40.932551826711205 35.286810645041314 
17.02056666666666 32.00935429945301 33.53751799216325 
18.02056666666666 32.78724506517962 39.79845826038052 
19.02056666666666 32.13287883488887 35.11629884730422 
20.021655999999993 34.54041388280716 33.043712005564885 
21.021655999999993 34.80476885982271 41.386502788025105 
22.02056666666666 35.9985305554848 34.51470032263436 
23.02056666666666 33.169522303067 35.13523545043701 
24.021655999999993 34.026285088368276 34.753072211396685 
25.02056666666666 35.01262127615242 31.63036357383546 
26.021655999999993 38.50484658654181 46.254076383718235 
27.02056666666666 36.09064050104535 41.77421536916805 
28.02056666666666 38.43209840663255 37.02035419485385 
29.02056666666666 39.94848381722553 34.27490558566971 
30.021655999999993 32.94803337690336 33.814980337647604 
31.021655999999993 37.508165710699025 35.253069041872564 
32.02165599999999 39.714956455269366 35.938239613187974 
33.02056666666666 38.98505242915398 29.31873437577527 
34.02056666666666 34.92594631319864 41.36538194730804 
35.02056666666666 38.81024774456385 33.38103633506015 
36.02165599999999 33.06097382080579 34.645900419471936 
37.02165599999999 43.90469400584483 36.675860077003726 
38.02165599999999 40.10790781303754 38.816735752305966 
39.02165599999999 35.68341317661364 32.383566487729404 
40.02056666666666 30.30520309660577 36.99769838602441 
41.02165599999999 36.11434798570004 37.055992199808216 
42.02165599999999 37.22082688871502 41.958549117710156 
43.02165599999999 33.303388540186155 38.599963502239596 
44.02056666666666 39.65977412593582 40.56196751010476 
45.02165599999999 29.616297397770502 38.387311833572426 
46.02056666666666 41.5297823405226 35.21198465320801 
47.02056666666666 36.6399423078177 37.06720876460204 
48.02056666666666 36.98328341213805 33.27094979191667 
49.02165599999999 35.17281078253982 29.679068455660683 
50.02165599999999 34.84097169069475 29.478087560311316 
51.02165599999999 36.02957033144845 36.246950596547485 
52.02165599999999 32.86857875866357 36.568566508871925 
53.02056666666666 33.33873427451858 45.04120799900547 
54.02056666666666 39.17732179062603 35.63714306996911 
55.02165599999999 33.55511547898185 37.009744645746345 
56.02165599999999 28.275149423424516 43.545015173756326 
57.02165599999999 38.22593099020288 38.476886993791375 
58.02056666666666 33.06829309947006 38.75746022577475 
59.02056666666666 39.10872309506979 40.00696185899312 
60.02056666666666 35.31530657668903 39.89706730323813 
61.02165599999999 33.64514604494141 33.817621924224675 
62.02165599999999 35.13972991910244 32.380363098486306 
63.02056666666666 31.54395557298325 39.40123584829965 
64.021656 34.91546656466789 30.030136676242776 
65.02165600000001 35.207819306675574 38.090658809956636 
66.02165600000001 37.13247730674929 33.420555947779576 
67.02056666666667 36.70104222881725 42.23982506658133 
68.02056666666668 35.78228278633223 38.68656492748382 
69.0205666666667 36.27199045123961 42.49306971784786 
70.0205666666667 36.14016703763842 35.89566873686066 
71.02165600000004 37.446606554979894 32.379515699061045 
72.02165600000005 33.10761865351702 36.200139270728904 
73.02165600000006 36.1371881452459 43.723731013289274 
74.02165600000006 35.412311575009156 39.209357812863466 
75.02165600000006 35.57963661890138 32.524945251420974 
76.02056666666672 37.25321804851406 29.79155883081447 
77.02056666666674 38.98306957014418 40.26449126118176 
78.02056666666675 38.8003103783411 36.43712702304544 
79.02056666666675 40.3767382800066 31.00965041002355 
80.02165600000009 33.43041483459352 29.365169559284908 
81.0216560000001 32.90018576090797 37.974652918243656 
82.02165600000012 34.500454767296596 37.898292987544366 
83.02165600000012 36.46509150262289 28.634035051664767 
84.02165600000012 39.35967725882868 35.778050998214994 
85.02165600000012 33.273795043789285 34.839288230879724 
86.02165600000014 37.37955810392543 29.929725544787935 
87.02056666666681 38.5701450022101 38.63630211515033 
88.02165600000015 35.58023008018093 42.031491014862944 
89.02165600000015 39.8347083171801 35.614890262996056 
90.02165600000015 37.30500156608762 33.892140335055984 
91.02056666666681 35.4614075527415 35.97710449450263 
92.02165600000015 37.42536315625353 39.062070572883115 
93.02165600000015 41.01675347701393 35.761535434550666 
94.02165600000016 38.84744230745665 29.833398221198895 
95.02056666666684 33.5791127305403 35.46655059142026 
96.02056666666684 39.37668010622053 35.38913837655303 
97.02056666666684 28.8643542272821 40.49355717843801 
98.02056666666684 42.69604718717214 37.36660951235642 
99.02165600000019 34.03569043694742 30.771213600546094 
100.02056666666687 36.21922972859782 39.56009285599733 
101.02165600000022 33.33044003218524 41.129860240951466 
102.02165600000023 36.50733236539344 28.239899407380225 
103.02056666666692 40.78649461832558 32.10465341376826 
104.02165600000026 34.11912583536061 40.508501694591786 
105.02056666666692 39.6747344409728 35.85199844843432 
106.01947733333358 34.5725248779322 35.5770672298776 
107.02165600000026 34.22657175074807 36.381230689248625 
108.02165600000028 39.892016250156374 34.684158222518455 
109.02165600000029 35.531033381595535 44.102501881630594 
110.02056666666697 34.87916929911748 28.03121838334784 
111.02056666666698 36.76729234581818 28.66723751802545 
112.02056666666698 32.59841950211384 35.97924146479899 
113.020566666667 33.93417387370383 44.02101332176284 
114.02165600000035 29.30483927006074 28.546679007792893 
115.02056666666701 44.19291946146065 35.59958152206417 
116.02165600000036 38.89235217205092 29.156560458074793 
117.02056666666704 42.19885192521189 34.91870063406114 
118.02165600000038 36.63830429728803 40.773812813015475 
119.02165600000038 39.53174637505316 27.390698449144956 
120.02056666666705 33.42703430773044 33.77024051765977 
121.0216560000004 36.854782327204745 42.414503008577974 
122.02056666666708 37.99097589723568 29.97561767923299 
123.0205666666671 34.4104996329428 33.51180979060846 
124.02165600000043 33.95646133764614 36.239657659186115 
125.02165600000043 36.27039767078423 32.402392676918005 
126.02165600000045 34.76161584544645 32.137497427510965 
127.02056666666712 34.17572687302426 34.35090956450231 
128.02056666666712 37.99782914510406 39.78379767267853 
129.02165600000046 37.26638008650062 31.320350320851972 
130.02056666666712 38.072885613448 32.18921238142499 
131.02056666666712 31.5598168268303 40.75170881597829 
132.02165600000046 42.60161795519684 39.992386863878366 
133.02165600000046 38.94129120825491 33.831074538804216 
134.02165600000046 33.03889445161431 31.922892037157666 
135.02165600000046 25.148773171726187 33.638245330055206 
136.02056666666712 38.43492330932048 37.66048742729101 
137.02165600000046 35.19387230321607 39.143754206070945 
138.02056666666712 34.03580875019102 32.90054994912907 
139.02056666666712 39.48914871885218 35.10267870189821 
140.02165600000046 38.24421036668505 30.081427398364955 
141.02165600000046 32.541317535034665 40.344204684098614 
142.02165600000046 41.16746734496912 31.786398734321562 
143.02165600000046 33.33263000685326 43.561683616340645 
144.02165600000046 38.974135129361386 29.444461716716972 
145.02056666666712 31.7104923785015 37.78223809955813 
146.02165600000046 38.6197058236211 31.315764723505733 
147.02056666666712 34.6221966690223 34.76241168473682 
148.02165600000046 33.516630244788125 38.820809065884575 
149.02056666666712 31.7445966860624 40.28703134947309 
150.02165600000046 37.166867864952216 34.257185524606925 
151.02165600000046 39.14301172746498 30.044205203395205 
152.02056666666712 32.09237039872252 26.39727118993052 
153.02165600000046 33.10193849510782 36.407867430059646 
154.02165600000046 31.99399245258462 43.634292466786725 
155.02056666666712 37.2548841420277 32.49657004245223 
156.02056666666712 36.19472670968886 33.84231437132015 
157.02056666666712 32.38494913604222 40.84238032241647 
158.02056666666712 33.8714437052151 35.78523304460195 
159.02056666666712 32.9589887502538 32.52511324792002 
160.02056666666712 35.27422539201605 27.47709468475914 
161.02165600000046 32.488172029112334 36.811382430652536 
162.02165600000046 40.120442060351664 34.839212058995024 
163.02165600000046 36.18112604804133 36.462774182393126 
164.02056666666712 36.23161793643271 29.78996339047444 
165.02056666666712 34.76690434663816 37.96686968986569 
166.02056666666712 38.07943653305673 33.36531325505808 
167.02165600000046 35.85626657892094 34.111937805156565 
168.02056666666712 37.51957623623062 37.46841869609912 
169.02165600000046 35.88427003753601 36.548043219500784 
170.02165600000046 38.5922205669561 31.162685001919556 
171.02056666666712 43.51674866387472 35.87190135717458 
172.02165600000046 37.74624012877602 37.373903706131706 
173.02165600000046 33.658238122481656 37.767349290637604 
174.02056666666712 35.08548595695069 34.96299967658638 
175.02165600000046 28.87652802036261 32.049226034727916 
176.02165600000046 35.88488656419949 42.849088722741584 
177.02056666666712 33.31249506249713 36.95646172279911 
178.02056666666712 35.71408147280182 38.97766240833916 
179.02165600000046 38.58832933815696 39.106494531942346 
180.02165600000046 36.34755903475178 31.901341529777135 
181.02165600000046 34.72123944853105 25.176975839249856 
182.02165600000046 34.152252613625585 27.453522188434448 
183.02165600000046 37.57968771048367 43.757661945978356 
184.02165600000046 37.52355768994663 37.166090582135155 
185.02165600000046 37.384760346968136 34.934259256472686 
186.02056666666712 33.96174798469326 38.25397866778293 
187.02165600000046 37.93476699746314 34.554113296358416 
188.02056666666712 42.00050462304689 41.82855488600638 
189.02056666666712 32.47542986500809 38.29984804360819 
190.02165600000046 33.1963267919491 34.191285537879466 
191.02165600000046 26.271878705580377 34.511994792905995 
192.02165600000046 36.163856653763865 34.586865656562495 
193.02165600000046 38.97302581612748 37.228932410365346 
194.02165600000046 36.83949273244907 37.688977697211186 
195.02165600000046 40.91477081926696 37.997113469993124 
196.02056666666712 34.37784710160122 34.80134698200088 
197.02056666666712 32.95992956995025 32.54009888712087 
198.02165600000046 39.756212876652654 35.072936799576674 
199.02056666666712 41.00948240811571 40.14553587111456 
200.02165600000046 36.61233194223093 34.204024455059056 
201.02056666666712 34.82720882558417 26.62369708683316 
202.02056666666712 34.41660312606565 29.18873666241326 
203.02165600000046 35.32804494739082 37.032468361862044 
204.02056666666712 39.41700551350756 39.54780935583825 
205.02056666666712 39.9482777399288 36.69397686179538 
206.02165600000046 30.26484686161909 30.265215395483875 
207.02056666666712 35.93919446756743 41.82037277339568 
208.02165600000046 33.78644013357823 32.500328356573426 
209.02165600000046 39.41008296216301 33.622244706146496 
210.02165600000046 41.289203311697065 32.316851887928344 
211.02056666666712 34.25905504048313 36.76612838378123 
212.02056666666712 35.86028129434695 35.61489428869938 
