0.0053159999999999995 0.0 0.0 
1.005316 0.0 0.0 
2.020566666666667 80.88717236246586 70.27497069351782 
3.0205666666666664 76.05002534610865 82.66680780804676 
4.020566666666666 84.63747465625292 84.89377617435665 
5.020566666666667 91.1262182646563 82.00755962220886 
6.020566666666668 77.28241408202861 77.99090485881369 
7.020566666666669 81.6139144845128 75.25326819894764 
8.020566666666669 75.2741571657909 75.20379850306969 
9.020566666666667 80.8836345193846 79.46502354843801 
10.020566666666667 78.16158177995 76.24991159912618 
11.020566666666666 84.8295918613331 76.94665426148393 
12.020566666666664 74.6140692535388 89.84882900289604 
13.020566666666662 76.93687140501937 74.76888133976118 
14.020566666666662 80.47814165733425 78.18502966935256 
15.020566666666662 76.80811311012071 81.30615379665448 
16.02056666666666 78.73059442782326 84.17569829301495 
17.02056666666666 77.2945417330061 79.40302811858133 
18.02056666666666 79.79218805230192 80.20428972638751 
19.02056666666666 78.3408953307739 87.72662719235367 
20.02056666666666 82.35744586896725 85.18307175760238 
21.02056666666666 78.4354997993124 75.81673326303492 
22.02056666666666 73.44282832251143 81.82477996671606 
23.02056666666666 78.97201860703494 74.29816027850917 
24.02056666666666 72.8515361163202 78.32436431099715 
25.02056666666666 77.61285215100419 79.67947833694849 
26.02056666666666 82.80780116933762 79.24019045007347 
27.02056666666666 73.94635936642716 77.21225028769483 
28.02056666666666 73.99192907077048 75.56118379470378 
29.02056666666666 74.6026291036242 77.18699669641055 
30.02056666666666 75.0733045787485 82.05983612161954 
31.02056666666666 71.83135027380989 81.73546536893014 
32.02056666666666 78.69076707065676 69.22785180891157 
33.02056666666666 81.99091526496898 87.76824980788041 
34.02056666666666 70.90295064208642 79.56085110073421 
35.02056666666666 73.91638765954221 74.73672905063071 
36.02056666666666 77.91549421435124 81.20795175555428 
37.02056666666666 75.86741182406723 79.51774355683938 
38.02056666666666 69.4528310513603 79.41524135778452 
39.02056666666666 80.8999580821079 85.66671822858302 
40.02056666666666 80.3777369035429 84.30945743166744 
41.02056666666666 80.99601821821173 67.30495242957754 
42.02056666666666 77.56179660570841 72.76233931963704 
43.02056666666666 76.60698748972314 79.58998511504274 
44.02056666666666 80.21089456936043 87.85327891694041 
45.02056666666666 77.51873088371792 72.90736734220997 
46.02056666666666 79.78639414733058 80.39840858990185 
47.02056666666666 84.69873713882811 82.63054585884014 
48.02056666666666 87.88384256286665 88.15847306185248 
49.02056666666666 78.5673270307658 81.76053146448551 
50.02056666666666 81.84806691260485 77.88873463829489 
51.02056666666666 84.31894016076579 84.88016315596478 
52.02056666666666 79.96813613831232 78.91641961753677 
53.02056666666666 75.75725078445872 72.95002407165936 
54.02056666666666 90.9470116008494 77.83405817732117 
55.02056666666666 80.21348211861758 75.32024961509437 
56.02056666666666 81.93311010000964 75.65208600132388 
57.02056666666666 65.88815766936189 85.21795886817213 
58.02056666666666 78.83664143843406 77.65067703904107 
59.02056666666666 75.6580339187038 74.77503332035984 
60.02056666666666 81.34852699518294 87.19843272456758 
61.02056666666666 79.96672173881578 77.25252943668818 
62.01947733333333 85.6667204719887 69.9208190037397 
63.02056666666666 80.1694800136637 74.10092183193959 
64.02056666666665 84.56062244281291 81.88651429743481 
65.02056666666667 81.95557097457842 82.45337367625231 
66.02056666666667 85.26600966003585 75.46157356086324 
67.02056666666667 72.42302402962999 85.98716784053946 
68.02056666666668 80.8695845666734 84.86326238332485 
69.0205666666667 78.7398811640012 89.19249940842863 
70.0205666666667 81.1373947518086 80.72237584970969 
71.0205666666667 74.82190511969364 74.39303004104812 
72.02056666666671 82.3282387800693 86.44363992689063 
73.02056666666672 80.02952739124271 83.82728020858035 
74.02056666666672 76.1305144182607 80.29127323594464 
75.02056666666672 78.90557082882057 90.26061857521726 
76.02056666666672 76.01831799046973 86.12651928380937 
77.02056666666674 78.89342213574086 89.31283090152208 
78.02056666666675 82.1760559131636 84.80233416812943 
79.02056666666675 72.63081779293253 83.76567814939747 
80.02056666666675 83.46256723601115 77.60525694300244 
81.02056666666677 78.83569438787202 72.38580388962895 
82.02056666666678 83.66262120739573 85.39929023653647 
83.02056666666678 77.4730698632009 85.24685356491307 
84.02056666666678 84.0214050624843 83.74861824398717 
85.02056666666678 74.57551590752736 74.80701939351442 
86.0205666666668 86.5513804902981 83.73402295495205 
87.02056666666681 77.9686221877514 76.72539614391879 
88.02056666666681 85.7255168625826 79.85766175631856 
89.02056666666681 86.81616225018114 79.65256037206406 
90.02056666666681 71.7288316513647 87.05705048438203 
91.02056666666681 75.51322060120556 70.60784468459883 
92.02056666666681 76.6929355421084 74.62820943306416 
93.02056666666681 81.52058497717066 75.06681251153782 
94.02056666666682 76.03222359557142 73.08481605036704 
95.02056666666684 85.4161673851698 82.20609538302675 
96.02056666666684 86.8320678450268 81.85146378647612 
97.02056666666684 82.8403380532677 82.95961277633653 
98.02056666666684 88.40833464478429 75.81649232216604 
99.02056666666685 76.1613255645845 79.58117906743081 
100.02056666666687 89.76878998024475 81.14695357978907 
101.02056666666688 86.08180524239333 83.03807892413703 
102.0205666666669 76.55207605889308 78.97734466265881 
103.02056666666692 86.484401465762 74.43947872459319 
104.02056666666692 74.70640694929529 83.88128155070046 
105.02056666666692 82.16496595269236 75.65422181744388 
106.02056666666692 88.3311218281124 83.62985700400665 
107.02056666666692 74.25772602488891 75.25387069386512 
108.02056666666694 80.33300662466317 78.10205272183825 
109.02056666666695 82.08242460870848 70.20258504845643 
110.01947733333363 83.6978609619382 74.1080752281264 
111.02056666666698 71.0408890011224 85.80218217125869 
112.02056666666698 71.89842364508979 76.29502258012207 
113.020566666667 77.30785144184208 85.30035315002283 
114.02056666666701 83.76248859524168 80.31290067429994 
115.02056666666701 82.71379855947944 72.69300414222766 
116.02056666666702 83.70711481961044 82.37631866394042 
117.02056666666704 86.99093430656568 77.24606994898981 
118.02056666666704 76.5723058447779 77.43018512946973 
119.02056666666704 84.41182664570965 81.81739025319068 
120.02056666666705 88.81693404193355 79.87576273855419 
121.02056666666707 78.60710262921273 72.20277132452381 
122.02056666666708 76.30249813188065 72.67153014065524 
123.0205666666671 85.69378132530659 83.67147507558543 
124.0205666666671 78.48631348468665 70.58663368453028 
125.0205666666671 83.55168368644539 75.34641299043543 
126.02056666666711 74.4424006678061 77.34744671677794 
127.02056666666712 68.81832342618937 77.09582017149225 
128.02056666666712 77.05267749098502 83.99946694189214 
129.02056666666712 78.76083221376454 70.63712578237295 
130.02056666666712 84.06046709839353 75.37405579469679 
131.02056666666712 86.21795519714665 81.86975520759836 
132.02056666666712 81.40724791286291 84.00605435227612 
133.02056666666712 87.36945450426668 81.22006861363006 
134.02056666666712 87.6541751763286 84.70556331237059 
135.02056666666712 72.35523309294344 78.86297840236945 
136.02056666666712 86.86352072061827 81.40496065501188 
137.02056666666712 87.6240568684361 82.88559154767718 
138.02056666666712 80.24675932714536 78.02470064105913 
139.02056666666712 81.47649133491505 83.61560023766566 
140.02056666666712 75.46276636700823 80.59401024500177 
141.02056666666712 79.57852192150173 81.53139241825903 
142.02056666666712 86.04880590933868 86.28681111080377 
143.02056666666712 74.63597749726387 80.35032191967474 
144.02056666666712 77.96989453081989 82.65008073190886 
145.02056666666712 71.3669176127796 69.74763613085562 
146.02056666666712 84.28543727028256 79.24470662723789 
147.02056666666712 88.68993904324886 77.05208122712267 
148.02056666666712 78.1975235102129 75.33384445752094 
149.02056666666712 79.10632107176198 82.75250206468544 
150.02056666666712 85.2322787041914 74.23953958043316 
151.02056666666712 84.85804047478301 74.79197438186527 
152.02056666666712 79.63611820041861 70.71535568409263 
153.02056666666712 78.5413442968528 77.46731595761135 
154.02056666666712 73.10191215599883 75.80750467981643 
155.02056666666712 78.21586517591726 75.61152613974792 
156.02056666666712 82.04351882360382 85.02631815610647 
157.02056666666712 79.01764704383241 87.92626415787787 
158.02056666666712 79.6985839760437 80.02651102557122 
159.02056666666712 76.20121304096942 84.67855586620871 
160.02056666666712 76.09639490896953 74.74830430596144 
161.02056666666712 80.9442391695107 85.98199313415165 
162.02056666666712 89.35086925752258 76.33541994946901 
163.02056666666712 79.22452525362928 77.71666148711805 
164.02056666666712 80.23707827606516 77.57192269489825 
165.02056666666712 81.07907906432021 86.45688998687085 
166.02056666666712 80.75997335129848 76.32549215199586 
167.02056666666712 86.96236922884204 73.51799387426048 
168.02056666666712 77.11995120709584 81.65175432296165 
169.02056666666712 88.00980194963758 78.43454582761078 
170.02056666666712 76.61030519985042 92.08573982365758 
171.02056666666712 89.87068545746297 83.84470860834294 
172.02056666666712 83.19979871437214 84.86813990480061 
173.02056666666712 83.94975222639815 83.73401123212815 
174.02056666666712 91.4557710901228 78.81679373619609 
175.02056666666712 82.92454143046966 72.07850859480023 
176.02056666666712 83.4085742658312 73.22194673957092 
177.02056666666712 71.55260053139314 79.20044669231297 
178.02056666666712 79.2474145268323 78.46126139126284 
179.02056666666712 80.4618765204998 71.56139128181391 
180.02056666666712 78.86166834590856 79.90594063368873 
181.02056666666712 81.44433230457115 81.09435816313228 
182.02056666666712 80.67041813473091 83.33490635736835 
183.02056666666712 79.6361168023286 86.51104055206318 
184.02056666666712 76.93268891570743 81.81117265219152 
185.01947733333378 75.8523327913643 78.8544868222474 
186.01947733333378 89.9534090108615 85.3468678928045 
187.02056666666712 82.349536542468 83.94624615693355 
188.02056666666712 82.08751210557782 80.38690798353815 
189.02056666666712 76.57721031579757 73.72032334365198 
190.02056666666712 83.59058567211338 71.28719202530232 
191.02056666666712 73.45689536516652 80.78768759323953 
192.02056666666712 80.63932271770445 80.32110380030053 
193.02056666666712 81.53383788794434 76.78241963332489 
194.02056666666712 74.18002727162909 74.02461345388478 
195.02056666666712 69.96046394125679 80.07210687824377 
196.02056666666712 78.58519428633565 68.48614065015285 
197.02056666666712 78.93053898190901 81.54236859129958 
198.02056666666712 86.94529539149927 81.94425322247366 
199.02056666666712 86.72183068050495 83.34418545907339 
200.02056666666712 82.91469831957485 79.94718993013278 
201.02056666666712 85.04928912844356 79.15507459191127 
202.02056666666712 84.07667093916933 80.23916673476182 
203.02056666666712 72.72365513705678 87.96612306339759 
204.02056666666712 79.62587964847043 71.55427813255874 
205.02056666666712 78.81942205143856 77.51744104854149 
206.02056666666712 74.87381030580387 89.55892399220816 
207.02056666666712 81.27789005729632 74.55832696901653 
208.02056666666712 74.85786089451709 88.01960064508626 
209.02056666666712 81.2038323660906 72.85230792241548 
210.02056666666712 76.39404177365554 78.08798142555571 
211.02056666666712 81.5267955036242 85.86650613610394 
212.02056666666712 77.1327072723501 80.19239616101984 
213.02056666666712 84.27646159467733 76.28651038976518 
