0.0053159999999999995 0.0 0.0 
1.005316 0.0 0.0 
2.021656 32.51479918600969 22.522102555583295 
3.0205666666666664 20.0556857212813 28.15685184190292 
4.021656 20.8386449977599 24.811008326664115 
5.021656000000001 21.463949773849144 26.992325545669967 
6.021656000000002 31.791841879648658 25.746634084194085 
7.021656000000003 20.98303197427886 30.644467828377604 
8.021656000000002 38.73143390502901 27.193623589784472 
9.021656 30.028882139534495 26.859303099190065 
10.021656 24.39364383083109 21.779155256064648 
11.021655999999998 23.865892332103712 26.240567899135122 
12.020566666666664 26.4355502110333 24.67453924361781 
13.020566666666662 22.1369480876878 34.67404106870139 
14.021655999999995 20.50444872524803 17.249537821237332 
15.021655999999995 30.34437498973828 26.659555993884652 
16.021655999999993 32.55398559055047 23.047133665700663 
17.021655999999993 21.85016403922103 26.137224021596435 
18.021655999999993 31.547746334288195 26.197189368859224 
19.02056666666666 32.06791759668797 32.84635932539883 
20.021655999999993 22.76570862551628 31.941714410435953 
21.021655999999993 21.26207245360134 22.044249910562975 
22.021655999999993 30.520496007537695 22.619544966465906 
23.021655999999993 27.64098274947938 26.791842890343993 
24.021655999999993 27.37091821488009 31.549481172261235 
25.021655999999993 24.89603191910574 15.927121461070502 
26.021655999999993 17.138953898563006 22.387068772729524 
27.021655999999993 27.74594568912917 19.623886298986534 
28.021655999999993 34.5072965672135 24.646241246505088 
29.021655999999993 21.361630889659793 29.885407066422395 
30.021655999999993 24.03564476492877 27.540905295787702 
31.021655999999993 22.203790887707505 24.328511229485596 
32.02165599999999 34.213409508257776 16.975141023653357 
33.02165599999999 28.80837379528942 15.342342225811583 
34.02165599999999 17.223369673667424 24.234166489108066 
35.02165599999999 26.16289616868618 28.034929462542497 
36.02056666666666 28.81624136324604 20.78467628915123 
37.02165599999999 25.12073351133649 12.026316866511202 
38.02165599999999 27.057798103073925 28.801522777068886 
39.02056666666666 25.13016618748782 25.71405909321123 
40.02165599999999 20.78921646561343 19.495271434796994 
41.02165599999999 23.86896505343187 23.457340251390544 
42.02165599999999 28.223064089725685 30.001271238075994 
43.02165599999999 19.4980944472458 16.698168358574147 
44.02165599999999 36.9226461350101 16.058912279674523 
45.02165599999999 27.86088787846569 28.013681343135755 
46.02165599999999 23.69546282999899 27.833845155457425 
47.02165599999999 19.9375642975551 23.297270094566507 
48.02165599999999 26.186530254811288 31.975385125447037 
49.02056666666666 32.31149681081548 30.20933477349613 
50.02165599999999 23.45342282552281 28.785536804853095 
51.02165599999999 24.082976337663936 20.981604917081416 
52.02056666666666 20.26251524915873 21.90164244694625 
53.02056666666666 16.4817942612185 31.25436943549452 
54.02165599999999 23.24113394178572 25.541098349626548 
55.02165599999999 21.689689517242083 23.259502037537473 
56.02165599999999 27.995723629852677 22.823983966691117 
57.02165599999999 20.681507850057343 29.921971724261297 
58.02165599999999 26.46911594413894 25.862959286288834 
59.02165599999999 28.12497217447461 22.078885514346872 
60.02165599999999 20.13200687108613 19.958788636614056 
61.02165599999999 30.588036019174886 20.881436414293745 
62.02165599999999 15.820880802907118 17.823026096907192 
63.02165599999999 24.94812311322979 26.729384169559644 
64.021656 27.597443097016985 34.720279589744194 
65.02165600000001 27.99323762449551 22.697990864706977 
66.02165600000001 27.040417602359344 25.661126885282723 
67.02165600000001 24.97545380889542 21.705193050967246 
68.02165600000002 18.684939973303724 28.532305214484868 
69.02165600000004 27.25584406743481 21.066637638856786 
70.02165600000004 19.322103313411947 27.255055380792903 
71.02165600000004 20.977310382260207 22.017752829189096 
72.02165600000005 34.537418306006415 27.342697198247116 
73.02165600000006 30.238223047812504 18.798230074066822 
74.02165600000006 20.04140855606008 20.116605595568135 
75.02165600000006 24.1427025211514 22.701876718382692 
76.02165600000006 19.677294959842534 24.797112430087775 
77.02165600000008 33.58407295739195 19.445712890691397 
78.02165600000009 22.212382960440703 18.902997179894108 
79.02165600000009 32.14029659662056 22.006829261717566 
80.02165600000009 21.80474257810853 21.847421657522954 
81.02056666666677 22.80241134104825 27.36648238333324 
82.02165600000012 18.5471536708763 23.837280375614252 
83.02165600000012 23.825230891518892 19.810782452803505 
84.02165600000012 24.519713355625775 11.768503869614806 
85.02165600000012 18.45858117920704 20.284601716708874 
86.02165600000014 25.848599106654785 28.819620882377315 
87.02165600000015 22.11207137570006 18.109820567071544 
88.02165600000015 35.40112108157631 12.103362686515347 
89.02165600000015 24.966868889707662 25.215986568314854 
90.02165600000015 33.21109328537206 26.341890637332487 
91.02165600000015 30.28083303044227 27.108860462201402 
92.02165600000015 25.18106747319433 21.226002233824026 
93.02165600000015 32.44342545935702 20.842195527593084 
94.02165600000016 22.86142946970097 26.383191710463553 
95.02165600000018 28.459697239515837 21.990541811270568 
96.02165600000018 31.396200588880504 27.744306454504283 
97.02056666666684 26.8069425219669 33.84428286004178 
98.02165600000018 35.75767645126954 27.855180495811968 
99.02165600000019 20.758738640627236 29.752446615186727 
100.0216560000002 24.10958318274685 21.671621874311995 
101.02056666666688 33.81729517068805 27.41626308150437 
102.02165600000023 24.914474151424052 27.379460018963766 
103.02165600000026 23.496792570891117 17.849835805183837 
104.02165600000026 28.76142924490277 31.178636314859453 
105.02165600000026 26.057866723514994 18.300925040885964 
106.02165600000026 22.280092790681305 24.416695756004554 
107.02165600000026 26.483519169677916 25.668949310399757 
108.02165600000028 28.61051745045675 27.274858909085843 
109.02165600000029 22.27825498965018 24.721479749924235 
110.0216560000003 31.658526256585876 21.051825461171493 
111.02165600000032 33.1168934539043 34.300298810295196 
112.02165600000032 26.391627878232562 30.076642261839172 
113.02165600000033 25.37856901153369 10.375663426492823 
114.02165600000035 20.87412126150087 29.866326093247825 
115.02165600000035 28.646766374131165 25.422269748005014 
116.02165600000036 22.79286556221449 22.678850601384188 
117.02165600000038 30.591588629880153 22.478685217141035 
118.02056666666704 20.36192362956732 33.71655645988292 
119.02165600000038 23.44943690457729 18.284918509697253 
120.02165600000039 37.604171658388154 17.980468960113686 
121.02056666666707 18.06221303847353 30.25741036853323 
122.02165600000042 23.89563767418627 28.860732324388604 
123.02165600000043 17.636864916281986 31.553442849607947 
124.02165600000043 34.12102879433945 19.951922770262847 
125.0205666666671 25.66510361581124 24.65195545098032 
126.02165600000045 27.077928479231787 19.055641443126024 
127.02056666666712 28.46890258666059 28.22453407816655 
128.02165600000046 21.95753985556011 26.692018572788566 
129.02165600000046 21.47484646415669 12.157898599795107 
130.02165600000046 19.970761255258246 22.045710698141015 
131.02165600000046 25.17264857655746 19.987525901915877 
132.02165600000046 28.72817430166165 28.578653040435107 
133.02165600000046 30.82508844196506 27.791033588824707 
134.02165600000046 29.900483228881317 26.377875997835904 
135.02165600000046 20.420790917191116 16.351754760397036 
136.02056666666712 27.63902632132779 26.71279601505536 
137.02165600000046 13.891920890179907 26.976101202105443 
138.02056666666712 22.80786175039412 19.15825098304131 
139.02056666666712 32.69245453197675 23.80053137495504 
140.02165600000046 21.12285568662189 26.891350558326064 
141.02165600000046 23.62838942152008 24.676921659256948 
142.02056666666712 33.16318746291295 36.87734972934705 
143.02165600000046 24.73953511590539 28.364765775751685 
144.02056666666712 15.46929944247397 22.25290961308519 
145.02165600000046 28.864150011702286 14.160913138353132 
146.02165600000046 32.71863275771113 31.071671853899208 
147.02165600000046 19.674759003709333 25.831208075362927 
148.02056666666712 27.32498454725068 29.76986417366208 
149.02165600000046 27.24570554877446 29.765119167928436 
150.02056666666712 34.76689565901679 19.54979954887527 
151.02056666666712 26.46743777346581 32.93295481710118 
152.02165600000046 29.37749263165917 22.054781138891133 
153.02165600000046 18.79512427806654 20.023749387139603 
154.02165600000046 16.54133114152155 25.006691924441835 
155.02165600000046 18.48550851448758 26.502257431313197 
156.02056666666712 27.25701081240532 29.70903538737594 
157.02165600000046 23.457499643229713 20.164237975881047 
158.02165600000046 32.98000772188919 24.500405738832285 
159.02165600000046 19.8205076526029 21.720088368948396 
160.02165600000046 25.7248702049133 22.723616996736062 
161.02165600000046 20.17003723664813 23.411349830084955 
162.02165600000046 27.027825324249868 20.154466733410967 
163.02165600000046 28.91147516112624 31.119099744913974 
164.02056666666712 20.16871526242003 19.88275233733901 
165.02165600000046 17.85968502940362 26.076456772603155 
166.02165600000046 27.35977918038342 22.233612612783308 
167.02165600000046 23.45346320976769 20.416087965602618 
168.02165600000046 23.209003923066437 26.487628918555014 
169.02165600000046 27.65084074169598 18.552388035151207 
170.02165600000046 13.654266300693735 27.513829290125415 
171.02165600000046 21.89290628182627 19.434951866009726 
172.02165600000046 25.283459895114717 18.054452840523094 
173.02165600000046 26.440694652912484 24.174611411991176 
174.02165600000046 30.18011249025175 24.782849246586256 
175.02165600000046 28.49532809139798 19.544178687516894 
176.02056666666712 26.68700592065323 29.94649141466497 
177.02165600000046 24.97247058715587 30.504873505770878 
178.02165600000046 27.221073067568728 23.670394038007892 
179.02165600000046 24.3579074423346 29.242148126211156 
180.02165600000046 27.665997823011395 28.991458537644462 
181.02165600000046 19.55797634214116 18.781862028024758 
182.02165600000046 25.76522290915026 31.229769895007333 
183.02165600000046 20.24750052471466 25.526662147885336 
184.02165600000046 23.00515306624036 28.553422407318585 
185.02056666666712 23.86812166624979 21.74101362783827 
186.02165600000046 24.903799746288993 23.057158801194404 
187.02165600000046 20.47938565515834 25.442414125340797 
188.02056666666712 26.36874678830765 22.32974074804708 
189.02165600000046 23.70732201912425 23.214199542640966 
190.02165600000046 28.93241707386414 27.114853923342288 
191.02165600000046 18.391112711054557 25.455792545247732 
192.02165600000046 26.55917213662654 24.487503558598526 
193.02165600000046 24.63331073448102 16.284988990967026 
194.02165600000046 29.48722112351824 29.541380716500242 
195.02165600000046 23.172577362345873 21.391275412851776 
196.02165600000046 32.14187875358244 22.185343749900827 
197.02165600000046 23.08604170462524 29.301716466560098 
198.02165600000046 36.71794317480175 27.684916697045228 
199.02165600000046 26.139378448864107 29.344315238738766 
200.02056666666712 22.6260623227125 26.85226279501878 
201.02165600000046 28.742480136202232 20.712446532429226 
202.02165600000046 23.13780128839289 17.338388023981636 
203.02165600000046 23.21156894260283 30.101580165344615 
204.02165600000046 23.817821649232442 23.517677771370785 
205.02165600000046 22.61304841341948 20.071560468505304 
206.02165600000046 28.685849476601753 29.836297730972227 
207.02165600000046 23.39635588112815 23.196908115352162 
208.02165600000046 23.43278820576983 30.084925644795526 
209.02165600000046 18.2517173847208 28.721734002345062 
210.02165600000046 27.78547131189061 18.296337332979267 
211.02165600000046 22.722339306377034 33.702044357418195 
212.02165600000046 27.36770795194506 22.576485241894755 
