0.0053159999999999995 0.0 0.0 
1.005316 0.0 0.0 
2.021656 13.58583722624433 32.509834476175115 
3.0205666666666664 69.73333119805068 50.41595773002742 
4.021656 44.33359463394824 23.839978285686247 
5.021656000000001 38.31476524286602 62.415005252179746 
6.020566666666668 52.3494681931907 77.67137464342241 
7.020566666666669 66.41302547444798 37.88030539247553 
8.020566666666669 53.93961781701344 54.01701164897799 
9.020566666666667 35.05142553484437 29.06079862544184 
10.020566666666667 56.9662847877285 68.50619387931883 
11.021655999999998 78.16109881683424 54.383079905385614 
12.021655999999997 41.973298235794516 36.315324239203086 
13.021655999999995 79.14154202600113 51.981037400975154 
14.021655999999995 53.10972556795951 47.078539864439364 
15.021655999999995 20.03408345566643 50.784055832808924 
16.021655999999993 55.44006056010486 27.471339754955892 
17.021655999999993 56.49938808364291 26.326569434094857 
18.02056666666666 33.93610404824436 60.56855721779897 
19.02056666666666 47.65735542735492 31.55178708363525 
20.021655999999993 27.736674904022713 31.679736144920494 
21.021655999999993 45.11617554127537 39.400486823322396 
22.02056666666666 63.41833118116409 82.00521281473661 
23.02056666666666 32.4649572614446 68.62698792576175 
24.02056666666666 72.2062876747714 43.97064025862478 
25.02056666666666 46.70255160669152 99.22648089819309 
26.021655999999993 74.21085269368503 33.134039186526216 
27.021655999999993 68.48568302993073 26.758728235744503 
28.021655999999993 78.02848053314693 26.356864349196634 
29.021655999999993 65.91583562375182 24.685174086645404 
30.02056666666666 46.1979054724822 55.84219264372186 
31.02056666666666 32.23152101668028 64.13860553691794 
32.02165599999999 35.94957478721244 30.838220676114233 
33.02056666666666 47.4456037239478 45.11510758702604 
34.02165599999999 37.89553551555695 60.584080629140885 
35.02165599999999 26.472582312665388 21.010493723684654 
36.02165599999999 16.484088994810783 48.581532697855195 
37.02165599999999 43.6561428804609 30.912096938691302 
38.02165599999999 15.12538606993926 36.311878018376945 
39.02056666666666 62.9875873466391 49.67119530934221 
40.02056666666666 65.16766110725129 56.46265997088658 
41.02056666666666 56.83565019236457 57.28001888236546 
42.02056666666666 49.39171871235712 65.48998954510256 
43.02165599999999 60.635123324923235 63.946768009037775 
44.02056666666666 62.77038799317542 86.66844970999458 
45.02056666666666 79.19188726548137 45.03798330007416 
46.02165599999999 37.77105246333375 63.369788846211236 
47.02165599999999 60.3434673850969 55.979294281261204 
48.02056666666666 59.01686683923739 86.20068557295724 
49.02165599999999 48.447441166085035 36.105484281003115 
50.02056666666666 43.43662417084112 66.56195591598978 
51.02056666666666 36.967381381435 47.85670537940054 
52.02165599999999 46.3730887152154 38.764808066662226 
53.02165599999999 33.15299243630757 49.659327207580915 
54.02165599999999 15.543410505049472 28.885153699823196 
55.02056666666666 27.50332911560299 66.81362262987435 
56.02056666666666 35.45615497323566 42.86016804991844 
57.02056666666666 63.91417722182745 75.33152754177353 
58.02056666666666 31.1080911115125 52.40238777686981 
59.02056666666666 81.3503146893507 89.98324914458149 
60.02165599999999 44.53029085568671 19.046768760888064 
61.02056666666666 52.05199146324242 47.46570434426188 
62.02165599999999 39.22518581379397 57.793296207158264 
63.02056666666666 65.04743914987871 49.06188156529124 
64.021656 80.31934241134111 12.954425236367769 
65.02056666666667 71.0360854432261 49.59215529760592 
66.02165600000001 62.01072249643429 24.479119431290115 
67.02165600000001 38.20641045645242 31.015127661495075 
68.02165600000002 50.78010478461202 22.486505658007882 
69.0205666666667 30.51012003844322 14.29299922652438 
70.02165600000004 36.94514202106859 27.107715748894886 
71.0205666666667 42.50020994814611 45.71040903160695 
72.02056666666671 65.4939491724182 72.18817694230609 
73.02165600000006 33.66296994618454 56.752266245872335 
74.02056666666672 73.79365206417839 53.10222512824021 
75.02165600000006 40.64158778477585 46.484659953464906 
76.02165600000006 38.76075667738347 52.705431802465675 
77.02165600000008 67.30651494008625 47.940795877017656 
78.02056666666675 47.70486521171898 50.71869939092532 
79.02056666666675 41.12788638231123 41.86485693699863 
80.02165600000009 43.19619777046873 12.495888858838114 
81.0216560000001 22.758880507190003 14.192012416679852 
82.02056666666678 33.30580505437436 58.60455712168945 
83.02056666666678 59.36328023767698 69.62193244004058 
84.02165600000012 67.32688928096734 36.803067729947905 
85.02056666666678 68.43196804082334 78.27114771527872 
86.0205666666668 72.80906047592919 20.82534240046581 
87.02056666666681 74.6566196669104 36.90551823603509 
88.02165600000015 19.53692780010788 46.559696367895135 
89.02056666666681 52.01944920907095 52.93280126897985 
90.02056666666681 55.30449942069331 58.21229552966165 
91.02056666666681 45.5142991195755 45.56436418312471 
92.02056666666681 26.93584546648323 79.86669214261246 
93.02056666666681 35.61868133444945 62.35197821188017 
94.02056666666682 51.18783614079579 33.90839274766023 
95.02056666666684 47.50528675557004 42.20049562788618 
96.02165600000018 66.76089162065541 51.402325949772866 
97.02165600000018 37.30308312414732 31.238517401058886 
98.02165600000018 34.27846813213783 39.211257380537134 
99.02165600000019 36.584649671998065 15.755233325858178 
100.0216560000002 79.98316932986195 44.065607141607465 
101.02056666666688 42.02227842272383 39.87680893234959 
102.02165600000023 41.04234217527153 47.611612785950925 
103.02056666666692 72.47804102303965 51.24842697888797 
104.02056666666692 65.0608697033434 66.29019332246173 
105.02165600000026 44.290433492779485 22.889230379039528 
106.02165600000026 61.39107878970832 34.799322237269465 
107.02056666666692 45.86330636565263 47.71893686698422 
108.02056666666694 26.61175236176878 68.35871581347988 
109.02056666666695 90.82820209210291 42.12879021112905 
110.02056666666697 67.69463618072136 50.02910786591905 
111.02165600000032 56.222933510721944 30.329383891860182 
112.02056666666698 77.21177815066744 66.98161652484902 
113.020566666667 67.27511631210692 36.89099562856392 
114.02056666666701 37.9005938527427 76.51230593350719 
115.02056666666701 36.62471662860915 28.18866695918694 
116.02165600000036 18.21298409241437 34.400577200977175 
117.02056666666704 40.59460168877035 46.32698758080543 
118.02165600000038 42.69976264201421 36.492354769400364 
119.02165600000038 31.543377878896173 20.950172305073963 
120.02165600000039 55.85071096401085 15.579353420185036 
121.02056666666707 47.55139744147497 71.07500940549184 
122.02056666666708 45.88155112286748 54.35196668130252 
123.0205666666671 52.30381202632389 65.75275368210355 
124.02165600000043 56.4284732431072 44.576043381093065 
125.02165600000043 55.286905454813166 54.426795620110546 
126.02165600000045 63.86715356090264 56.298688687444255 
127.02165600000046 43.31728429617612 48.543861118556705 
128.02056666666712 32.90243449809288 50.84297038895475 
129.02165600000046 68.61502775481488 45.133698022845635 
130.02056666666712 47.20273576354824 42.02281459140641 
131.02165600000046 61.632466330425814 51.089787489823266 
132.02165600000046 36.67868174237188 15.247443248833235 
133.02165600000046 55.77051236081079 30.492784188032314 
134.02056666666712 40.41852881957803 44.72582090278126 
135.02056666666712 47.31359910598186 57.70316376605919 
136.02056666666712 62.30741501394991 45.66579574644157 
137.02165600000046 20.80637079908852 21.385980342744993 
138.02056666666712 63.26087268968266 56.16316173614601 
139.02056666666712 44.53548287428656 59.43054421207131 
140.02165600000046 24.855365565160856 13.087962759146386 
141.02165600000046 53.61008058216746 53.862583559135636 
142.02165600000046 73.77436357766051 41.137204553585285 
143.02056666666712 72.37693200562015 75.82379917888323 
144.02165600000046 44.77351962912468 46.782168403430795 
145.02165600000046 37.77763235443388 45.736449794218224 
146.02056666666712 71.02614744115364 72.80598871317005 
147.02165600000046 51.33959626359459 39.334580630008524 
148.02165600000046 67.88698060993954 26.503741814603124 
149.02165600000046 55.71107888801459 49.817959208496774 
150.02056666666712 63.85756662509818 48.97348235112329 
151.02165600000046 28.766986379698775 52.738911781452956 
152.01947733333378 52.3042762127051 85.9856194758631 
153.02165600000046 35.08411535978916 56.795420321008194 
154.02056666666712 46.44715341641929 58.50323499327311 
155.02056666666712 87.9808047416231 25.36080989654073 
156.02056666666712 46.29214174242995 50.15247082040954 
157.02165600000046 61.83005148646167 42.928034526909265 
158.02165600000046 51.43277330386581 43.693822198233384 
159.02056666666712 32.50341861626265 55.24800999845213 
160.02056666666712 59.46353358189637 48.97457520648606 
161.02165600000046 60.17726971406543 41.478109628786875 
162.02165600000046 38.659168225456135 42.819676609272676 
163.02165600000046 42.46488320335297 43.645927624233636 
164.02056666666712 67.0112491606921 85.26605874874278 
165.02165600000046 50.60391822695388 28.233142193076556 
166.02056666666712 66.4749207469261 40.36846443776426 
167.02056666666712 59.96671983157725 44.89618058254013 
168.02056666666712 41.3817249686407 32.66883227002294 
169.02165600000046 66.1406040466425 53.344313863743174 
170.02056666666712 40.91395975277383 43.53286776732859 
171.02165600000046 35.96923946694538 31.165438102848924 
172.02056666666712 37.2629849237065 56.82094501800841 
173.02165600000046 72.20039799319288 47.816412120459056 
174.02056666666712 63.83965034950333 71.56061713721023 
175.02165600000046 49.67095112800159 48.318662747959095 
176.02056666666712 53.422283254157 65.41488897500896 
177.02056666666712 73.10817272803304 59.84580401163688 
178.02165600000046 61.7669654110057 51.592888789305995 
179.02056666666712 59.44262839649899 64.33281318973665 
180.02056666666712 65.69099011651828 26.34419583136936 
181.02165600000046 76.7468601928002 35.343307793664025 
182.02165600000046 39.52593507588633 38.412955594366174 
183.02165600000046 42.78579086461604 24.230036808233244 
184.02165600000046 55.83982693165421 63.441516092011625 
185.02056666666712 35.82803472880299 31.32543090468831 
186.02165600000046 59.41667076252574 26.833304264355835 
187.02165600000046 68.22892005842782 37.799060445317295 
188.02056666666712 31.90770325912299 63.73209889919026 
189.02165600000046 23.243054234692785 40.058368299158765 
190.0227453333338 23.81046096402637 -1.9779849151064397 
191.02165600000046 41.35710117141035 43.110300712632956 
192.02165600000046 68.6012470307657 34.636074370957665 
193.02165600000046 60.25922986795162 13.356508682786135 
194.02056666666712 57.078985769024 56.66740634279397 
195.02056666666712 80.5330673861583 67.44588687971736 
196.02165600000046 16.39092294967145 26.957833915259666 
197.02165600000046 58.36227085357717 34.270407830008985 
198.02165600000046 55.99789915879919 49.478723761665464 
199.02056666666712 53.6468682576079 39.16458766400175 
200.02165600000046 23.82800308542699 52.118043838692124 
201.02056666666712 58.79009671146009 47.21468456866199 
202.02165600000046 46.08403485541864 61.067487318239884 
203.02165600000046 81.79720554843408 34.341786795402406 
204.02165600000046 72.38776556894791 46.483008840328566 
205.02165600000046 56.56329494435806 50.735080816290626 
206.02165600000046 76.15981703994703 43.879402797667815 
207.02165600000046 63.43639408867568 40.828369427206475 
208.02165600000046 12.35397279844247 11.890351525489379 
209.02056666666712 29.36569522947844 76.03635352339909 
210.02165600000046 58.32228105060441 35.829888462542485 
211.02056666666712 42.199659540303 59.21989633970247 
212.02165600000046 32.027507670813804 12.696022805638805 
