0.0053159999999999995 0.0 0.0 
1.005316 0.0 0.0 
2.021656 16.75813667942955 19.028821464639023 
3.0216559999999997 15.367644742642415 15.050375388552874 
4.021656 9.781914671230329 16.039049347421326 
5.021656000000001 14.32174594846579 11.490820669533608 
6.0194773333333345 18.497799279774 23.7542914833511 
7.021656000000003 21.818769081521662 17.928837511707172 
8.021656000000002 17.094276808079886 14.305218092265823 
9.021656 13.507052513143222 13.815660389373793 
10.021656 18.080141614629003 15.514661661353141 
11.020566666666666 9.366510151110099 19.63264135373373 
12.020566666666664 16.53381525571919 24.59311928337629 
13.021655999999995 20.18788825107563 12.746755236748275 
14.021655999999995 22.261488764289556 16.097165570763536 
15.021655999999995 13.475697761343984 17.467021990168664 
16.021655999999993 20.50420209785869 22.172409455679706 
17.021655999999993 20.060993425111 10.852287228051743 
18.021655999999993 6.570547018449048 14.700330244653303 
19.02056666666666 15.12267425589475 19.37327539091367 
20.021655999999993 15.035394369555148 15.653393141365598 
21.021655999999993 11.87634287765242 15.656818685435974 
22.021655999999993 20.96516872360511 16.109849607487224 
23.021655999999993 17.1711640360833 15.343938488445279 
24.021655999999993 17.111746049931913 19.800659355102663 
25.021655999999993 16.66294162633599 19.016185623525814 
26.021655999999993 10.876206713612412 20.851683279038145 
27.021655999999993 13.61644642083414 10.551481531902937 
28.021655999999993 20.701645131212523 18.274763041287272 
29.021655999999993 16.717442361994596 12.023272300281857 
30.02056666666666 10.67712431844398 15.80584493530324 
31.021655999999993 10.441437281437956 15.461757204269102 
32.02165599999999 11.241898940057053 14.931600002564835 
33.02165599999999 9.533060186661327 17.185283717299832 
34.02165599999999 15.086757799633968 11.972701908187556 
35.02165599999999 14.561608626928345 17.049685548193217 
36.02165599999999 14.67906826813471 12.176188969294563 
37.02165599999999 17.18820037216355 17.379911907005866 
38.02165599999999 13.9288792980355 18.468726865219992 
39.02165599999999 17.084481294583814 21.610165741368654 
40.02165599999999 15.85250527394837 11.906282544750379 
41.02165599999999 17.53941220103417 16.604567059796874 
42.02165599999999 18.1600282367403 15.719899495778998 
43.02165599999999 5.543285176912212 14.626749187413521 
44.02165599999999 18.511797720719358 15.755994879471285 
45.02165599999999 16.00022297455924 17.900730222471516 
46.02056666666666 12.86832220155707 13.16407008844022 
47.02165599999999 25.678457492040252 17.373043101165614 
48.02056666666666 16.18615170884822 17.81550389499804 
49.02165599999999 16.460410155500455 20.975159853238935 
50.02165599999999 15.219596987178178 15.631081187206341 
51.02165599999999 15.487636568288307 16.961373543357897 
52.02165599999999 17.02188807760732 23.191480344546992 
53.02165599999999 18.17253974869428 14.573876684406452 
54.02056666666666 21.1863731218222 16.39222425068623 
55.02165599999999 17.18068661924217 15.820253948101394 
56.02165599999999 12.774225528693254 15.735312589122644 
57.02165599999999 9.990445062619642 13.982157917889849 
58.02165599999999 12.965636057406192 21.151462427445814 
59.02165599999999 20.787181070748858 17.713897562470954 
60.02165599999999 16.881477390008392 20.088893317662535 
61.02165599999999 23.30475830582741 15.760338159134937 
62.02165599999999 26.9958288197704 22.423010508308288 
63.02165599999999 20.432112866021534 13.761653015130426 
64.021656 16.11610451699893 11.148227942472602 
65.02165600000001 17.60079662960523 16.883866461335263 
66.02165600000001 22.233451905892956 21.124487652567232 
67.02165600000001 22.51460634015367 18.604468889826748 
68.02165600000002 18.577381075094145 14.499779341768045 
69.02165600000004 15.654097186925135 12.835465429741523 
70.02165600000004 14.967153761486706 12.813006336587623 
71.02165600000004 11.470363043935183 15.416726325009634 
72.02165600000005 14.26882842923654 25.696391220724166 
73.02165600000006 21.71253451886764 16.105125752596802 
74.02165600000006 16.32369823121047 12.663932735477879 
75.02165600000006 8.259532739472096 11.397651360875857 
76.02165600000006 15.97572960114233 15.964187336780123 
77.02165600000008 19.32378395887382 16.064044077475362 
78.02165600000009 15.06813319797288 15.041656893054812 
79.02056666666675 17.84504005218385 22.67854716684938 
80.02165600000009 10.741711860866557 14.683240262126517 
81.0216560000001 14.635582483917 24.219943569810855 
82.02165600000012 18.11091074591801 17.604199962302356 
83.02165600000012 16.214624628515207 13.274363225334067 
84.02165600000012 15.722766837280323 16.646617835679393 
85.02165600000012 15.770277553923785 12.547859565454209 
86.0205666666668 18.8219218907981 16.88562522947313 
87.02165600000015 19.386250238470787 13.900846192602046 
88.02165600000015 13.512792980542413 12.308577261455762 
89.02165600000015 7.117093319704061 14.896343416610879 
90.02165600000015 17.10406341039969 18.088526016407915 
91.02165600000015 14.332601587583845 12.170056563668034 
92.02165600000015 13.578063918641107 18.084959922336925 
93.02165600000015 12.039412166148761 17.181078623477916 
94.02165600000016 13.556766156512705 17.730764830531015 
95.02165600000018 18.60868993828664 16.683171291361496 
96.02165600000018 21.848219163355978 16.292892659392624 
97.02165600000018 16.049468529197313 19.357115543799935 
98.02165600000018 13.47390851729743 15.031967273691054 
99.02165600000019 14.731071217034508 17.380343577059833 
100.0216560000002 11.688731248549988 7.7667883651382486 
101.02056666666688 9.199474320790596 22.23350808233976 
102.02165600000023 25.72863371939659 14.869646769792325 
103.02165600000026 16.10098989941224 15.833995701567018 
104.02165600000026 16.923914534174266 17.109489462486184 
105.02056666666692 5.61093939948063 17.62792100132177 
106.02165600000026 9.08365287648753 20.174533371765907 
107.02165600000026 20.66628342121632 11.501157226598194 
108.02165600000028 16.227862686570194 20.041680845846724 
109.02165600000029 19.57285846317965 21.493403060845345 
110.0216560000003 19.12085962614422 20.470976869241717 
111.02165600000032 8.012379327828832 21.609517301975714 
112.02165600000032 4.357748203968205 17.760514006968897 
113.02165600000033 12.698699829392766 21.474690661745168 
114.02056666666701 8.790476580675561 17.33580384513866 
115.02165600000035 16.22596363576341 12.086001042372995 
116.02165600000036 21.565306180236348 14.252596059996797 
117.02165600000038 20.13939053666582 23.210699887160345 
118.02165600000038 16.571253025634167 18.556208989825187 
119.02165600000038 8.467643643096618 16.081751760099035 
120.02165600000039 14.577563376408186 16.388871339100202 
121.0216560000004 16.59336261749483 14.547249661770872 
122.02165600000042 10.28446752519341 5.2407615887785255 
123.02165600000043 12.115375431338435 12.044007989202818 
124.02165600000043 17.23996379165964 16.170061856188532 
125.02165600000043 14.133834943124459 17.639013246833475 
126.02165600000045 5.311773959369351 15.899621119648145 
127.02165600000046 21.19630067078264 16.999517490163917 
128.02165600000046 21.45914315308717 15.311943395995728 
129.02056666666712 20.7531395468282 20.22194836111697 
130.02165600000046 18.60966503846083 11.845355202436217 
131.02165600000046 18.548831899152386 18.816773307350175 
132.02165600000046 5.303842463006369 13.318893124991604 
133.02165600000046 15.69517602420114 24.597913624123855 
134.02165600000046 12.549072035377437 19.174403635711364 
135.02165600000046 13.90082926932494 21.658611582963907 
136.02165600000046 18.15233156477663 14.216764862855067 
137.02165600000046 15.23881529187899 13.898897308541196 
138.02165600000046 20.94661069277817 15.206414314392672 
139.02056666666712 19.72529325443208 15.41109195809829 
140.02165600000046 12.78313025083234 12.171907817212013 
141.02165600000046 13.507358601197483 22.811916870629936 
142.02056666666712 15.13837153533717 18.68860371364259 
143.02165600000046 26.146516532546247 11.755137598965488 
144.02165600000046 18.94143880443186 13.635615907031347 
145.01947733333378 15.0835431269805 16.3914484221036 
146.02165600000046 16.688284413671386 21.658469581618206 
147.02165600000046 17.58768621169987 15.463830310387303 
148.02165600000046 20.941922040130073 10.994617097255775 
149.02165600000046 19.04752432051528 19.351239050196618 
150.02165600000046 15.81805607858176 10.885411377562622 
151.02165600000046 16.67004053408656 18.675835163164518 
152.02165600000046 21.150455066694448 10.882693928046596 
153.02165600000046 16.544975020024953 12.879264118597185 
154.02165600000046 18.269062667713577 19.437738815462716 
155.02165600000046 14.86326429842284 20.593437082383392 
156.02165600000046 20.653994951886162 22.373148742113884 
157.02056666666712 18.90050955941091 16.03485180713107 
158.02165600000046 18.91408308651583 18.499807678007432 
159.02165600000046 13.218574445556163 12.451852921752142 
160.02056666666712 9.370665309750922 18.69828621719499 
161.02165600000046 11.66866773668313 10.390672492799554 
162.02165600000046 22.273121267832856 17.680496487489073 
163.02165600000046 16.608058318304582 15.760864139097496 
164.02165600000046 22.161308687850223 22.364411475470657 
165.02165600000046 16.806241316473276 12.568843906523199 
166.02165600000046 20.14552351670405 17.978962922634054 
167.02165600000046 17.016194624493025 21.282843700644282 
168.02165600000046 15.936664712836386 15.191254621287472 
169.02165600000046 14.140549612288147 15.368098872678626 
170.02165600000046 14.526863146006525 10.848050188364578 
171.02165600000046 24.38190088761469 19.549181871043487 
172.02165600000046 16.847539295976393 10.020435936803638 
173.02056666666712 18.9632572147818 19.86141887429595 
174.02165600000046 16.80111810524562 15.007102751377236 
175.02165600000046 9.84373569232132 17.519890530077653 
176.02056666666712 16.70449048045276 19.17362647559749 
177.02165600000046 10.74261339750087 15.407385896121973 
178.02165600000046 11.46796616100206 14.529733819026593 
179.02165600000046 18.44856330206256 23.153598925594014 
180.02165600000046 15.14391648324965 14.574127190463674 
181.02165600000046 12.361387783750546 21.054181443935242 
182.02165600000046 8.9100307329071 18.009502476237248 
183.02165600000046 17.931679744615103 20.032551548430646 
184.02165600000046 24.850236024146632 14.637912327393181 
185.02165600000046 18.98339311507221 12.189370001994844 
186.02165600000046 10.513895311894291 18.387098800537313 
187.02165600000046 23.057715731588324 13.343894630490189 
188.02165600000046 20.414744840404474 16.969085196835916 
189.02165600000046 13.514481876571026 11.918244723396043 
190.02165600000046 17.997029752038845 12.239652653279196 
191.02165600000046 13.41214898290095 12.880580993709264 
192.02165600000046 10.42999311692239 14.702952726621296 
193.02165600000046 20.152275824769838 14.721708623788844 
194.02165600000046 16.25123721340872 15.064126482479688 
195.02165600000046 9.555815811284853 17.872516175075866 
196.02165600000046 18.667105622414997 18.704383249733255 
197.02165600000046 17.57674370517051 12.099097765446265 
198.02165600000046 13.502842213126705 13.593863752843571 
199.02165600000046 13.899959877839613 13.630261257507732 
200.02165600000046 13.403642407589981 11.407084276758486 
201.02165600000046 20.09629707931249 12.636876454704387 
202.02165600000046 19.23746107083699 15.436996894762872 
203.02165600000046 17.523125126703444 12.247761896165867 
204.02165600000046 16.49005169033548 14.889037195108155 
205.02165600000046 16.041121733393418 13.085424476770257 
206.02165600000046 18.647747001732306 14.370320310213316 
207.02165600000046 12.389575881282784 13.435475781464236 
208.02165600000046 17.7086655140414 10.146117070846437 
209.02165600000046 14.760406620224744 13.396792132546402 
210.02165600000046 15.00816548978798 18.661181955558344 
211.02165600000046 13.90308318667452 15.725119099296904 
212.02165600000046 9.889211128229235 13.849307823270866 
