0.0053159999999999995 0.0 0.0 
1.005316 0.0 0.0 
2.021656 9.793165502809195 25.077246535911208 
3.0216559999999997 19.99698593793383 11.827267644536526 
4.021656 22.954653414706073 12.171679798508787 
5.020566666666667 27.57837372915129 6.311916960132867 
6.020566666666668 24.04642899197905 9.368183226500236 
7.020566666666669 16.40602677181394 8.875797116084087 
8.021656000000002 18.98255170695435 12.267778633863404 
9.021656 9.732628080009999 23.234854266192364 
10.021656 19.075265826632464 11.679352354266202 
11.021655999999998 6.444593281074659 23.240693407032417 
12.020566666666664 23.72447104892007 7.877489214040487 
13.021655999999995 7.17631917555525 18.573837104391682 
14.021655999999995 30.183217149051508 13.199257136992491 
15.021655999999995 18.255291176231346 14.633109344547746 
16.02056666666666 8.22295676145568 23.64790163869049 
17.021655999999993 27.00963949644987 13.339349857287509 
18.021655999999993 17.855462745539352 11.351311259108966 
19.021655999999993 22.51135448980823 14.962202391204306 
20.021655999999993 23.481944664528665 14.500127132017845 
21.021655999999993 6.31128393383832 27.977565801178137 
22.021655999999993 21.189990661436486 13.953223101844003 
23.021655999999993 26.235944931800507 2.5766711430057025 
24.021655999999993 20.441186130047893 13.511780710834534 
25.021655999999993 28.47895358007362 14.314367132579523 
26.021655999999993 23.13679711346516 11.528211750503681 
27.021655999999993 12.58439472160815 18.354809628116858 
28.021655999999993 9.883181211392142 21.493112845442678 
29.021655999999993 4.84776895685418 19.743013208326527 
30.021655999999993 8.291981732864079 22.460817359757645 
31.021655999999993 26.70411238653788 11.320431492777535 
32.02165599999999 8.79849112732716 20.756345722957178 
33.02165599999999 22.12844543917197 12.513568043221552 
34.02056666666666 27.98982407046973 9.332558246522566 
35.02165599999999 7.976678675508895 23.795513483009728 
36.02165599999999 6.805077818908499 19.081556903205072 
37.02165599999999 5.065341877517327 23.702077548513927 
38.02165599999999 9.320717578782148 23.891330235569075 
39.02165599999999 20.237012830277582 10.900470851883577 
40.02165599999999 18.714541548031562 16.613740811722348 
41.02165599999999 17.27179450412651 23.795490398982075 
42.02056666666666 9.37384381211573 16.07610490367238 
43.02165599999999 4.047534936982083 25.658536991047107 
44.02165599999999 17.205290407343345 15.557393999929985 
45.02165599999999 23.011658176093917 10.491619924015044 
46.02165599999999 21.592552374142024 3.7235420234848835 
47.02165599999999 29.647028616086256 10.354989800089616 
48.02165599999999 10.53659408303748 25.875310602186598 
49.02165599999999 28.211032195606577 13.565931886355099 
50.02165599999999 22.426764772679086 14.030278237195638 
51.02165599999999 21.35571198986083 18.396230104152682 
52.02165599999999 16.00001355711023 14.643655577974638 
53.02165599999999 8.702893017377413 21.562424671254405 
54.02165599999999 10.47324528922563 17.619116626446665 
55.02165599999999 17.388499860155115 17.685841444629908 
56.02165599999999 19.0842161974482 25.311177938268838 
57.02165599999999 16.710777662164986 14.040506363230541 
58.02165599999999 27.143492318414516 15.638700310395064 
59.02165599999999 19.948035581431707 10.086391692959715 
60.02165599999999 8.962767563181654 25.627159037128056 
61.02165599999999 22.04637979057454 19.647161341790543 
62.02165599999999 22.003949838733654 3.5524185692462567 
63.02056666666666 25.62265019643741 5.540971884688715 
64.021656 20.69410925855762 10.612417140616952 
65.02165600000001 28.103322080516556 2.6931626390350463 
66.02056666666667 8.37199044135613 26.39375190832304 
67.02165600000001 22.487109067157675 1.7802616282186658 
68.02165600000002 20.094536010504438 12.161161628265143 
69.02165600000004 25.06536973485324 1.1021959815516116 
70.02165600000004 7.286454451800427 26.446533198559194 
71.02165600000004 22.58759905881948 10.639437050771924 
72.02165600000005 10.79557173193052 17.250513716024848 
73.02165600000006 4.819490933917251 26.561733073054757 
74.02165600000006 18.061163305226533 14.126099851874017 
75.02165600000006 18.10605245052924 20.860609556257437 
76.02165600000006 26.05242613032035 11.369791757104977 
77.02165600000008 16.774116547756158 15.350526666012888 
78.02165600000009 19.11558101984831 10.575758358723014 
79.02165600000009 22.69330864422681 13.248461559531002 
80.02165600000009 17.414575105818606 14.004757023640707 
81.0216560000001 5.170736120745853 18.187870914233955 
82.02165600000012 19.878526672337916 11.640234975711365 
83.02056666666678 19.50686907775529 8.914373513595685 
84.02165600000012 23.24810693769957 12.817690337984647 
85.02165600000012 6.569746863674195 22.276450509833623 
86.02165600000014 22.090779024029214 14.814082383617606 
87.02165600000015 7.35694757886807 22.725186950711542 
88.02056666666681 18.62616495083145 9.737044154947291 
89.02056666666681 18.59796584525365 9.064712094758416 
90.02165600000015 16.566600888864535 11.155692456203376 
91.02056666666681 32.17677249017283 12.00022343665825 
92.02165600000015 19.034119230065897 21.108640230695656 
93.02056666666681 18.40508961679886 6.571224074381361 
94.02056666666682 22.22798122374538 10.74461830636626 
95.02165600000018 21.206721456840757 10.035366491621936 
96.02165600000018 22.696393095337402 17.328919589829212 
97.02165600000018 23.960060597847352 15.983465493611847 
98.02165600000018 3.189931743143953 18.971443158585764 
99.02165600000019 23.285441806051466 10.786757536722963 
100.0216560000002 6.268156931244919 20.035684915364875 
101.02056666666688 18.00578887994639 14.38812090325093 
102.0205666666669 21.40163184418014 7.302459464722494 
103.02165600000026 9.32686239118339 26.981100937633567 
104.02165600000026 7.538394662544873 27.898665424337466 
105.02165600000026 25.704161431102495 17.867865651964944 
106.02165600000026 27.850736229128426 14.390718727908808 
107.02165600000026 8.165195067833833 25.686970875579366 
108.02165600000028 22.778948249816583 12.449826052001185 
109.02165600000029 4.117757273039223 17.653981325262027 
110.0216560000003 8.098761941236038 19.714187038574234 
111.02165600000032 18.339608057212477 11.326234220188239 
112.02165600000032 1.513760559260163 23.805537338796533 
113.02165600000033 15.19014749783734 17.840043428134706 
114.02165600000035 23.057796391283503 12.530623659442668 
115.02165600000035 24.459946667036263 6.3024084145710235 
116.02165600000036 19.705721783537534 2.1963726775755124 
117.02056666666704 25.1267507839169 9.894566606484013 
118.02165600000038 9.000744209480333 27.460814045154315 
119.02056666666704 24.86763871848506 17.34269606873749 
120.02165600000039 15.08132827957014 26.681140307499902 
121.02056666666707 20.99011321830641 17.68648212857442 
122.02165600000042 18.689298761048295 18.205724963151404 
123.02165600000043 17.80300200092278 11.807451523937356 
124.02165600000043 24.07781071744015 14.165752692307166 
125.02165600000043 27.15384220384428 13.058491060682401 
126.02165600000045 22.00449929602402 15.035538305415418 
127.02056666666712 29.0590482593717 9.624744222670996 
128.02165600000046 11.08912878821658 19.608441537989634 
129.02056666666712 27.63703115717995 9.839769956052244 
130.02165600000046 9.211994093492926 15.841756251916982 
131.02165600000046 8.09196851083599 16.521316899651058 
132.02165600000046 22.625826713546193 11.472502723236275 
133.02056666666712 27.56605327919984 2.456948212850362 
134.02165600000046 22.369865754856217 13.234110434426267 
135.02165600000046 21.54789743331924 13.171141921194373 
136.02165600000046 21.973010736937113 12.554856699178687 
137.02165600000046 8.512411940308926 13.186809958883138 
138.02165600000046 9.390571318219871 20.722930369175522 
139.02165600000046 18.430938413672354 10.228885916770182 
140.02165600000046 26.166397379437413 12.339786425585675 
141.02165600000046 7.069755078911137 22.918224168366795 
142.02165600000046 9.743629035812878 19.081122070142033 
143.02165600000046 11.55813015574925 17.039454422631845 
144.02165600000046 22.561763108612965 19.127615437626257 
145.02165600000046 22.99375791251998 15.101128050741604 
146.02056666666712 18.7749836554435 2.969209609307386 
147.02165600000046 22.923213082824052 13.375344811146793 
148.02165600000046 9.591134296310331 28.476221256607687 
149.02165600000046 21.07574318750844 12.865971261747264 
150.02165600000046 10.03096880718214 24.233103807697816 
151.02165600000046 7.924649025663971 23.751851934610333 
152.02165600000046 18.053840807732016 11.434001163465568 
153.02165600000046 15.769194099834255 12.964865495842563 
154.02165600000046 6.011832158932017 19.327564080815346 
155.02056666666712 25.28015971042627 8.865177086235867 
156.02165600000046 19.571398389121413 13.197940837964895 
157.02165600000046 7.967728603714189 22.070428727425696 
158.02056666666712 7.32393527256138 18.13347970953424 
159.02165600000046 7.715294859858773 30.291215828748136 
160.02056666666712 22.59915027105649 7.207854501438575 
161.02165600000046 8.764061461247676 25.626041971373144 
162.02165600000046 27.16433825206525 11.081117607897717 
163.02056666666712 26.6783794921868 8.464012257992517 
164.02165600000046 16.705054569325945 22.741367354332212 
165.02056666666712 20.64992383886568 10.60695521548002 
166.02165600000046 8.217361044726811 20.348833200397333 
167.02165600000046 4.688068336324695 20.325941829720055 
168.02165600000046 14.95848459031663 18.008825703643975 
169.02165600000046 20.68310951075681 15.970660764571981 
170.02165600000046 9.84693239062685 18.110667472108346 
171.02165600000046 6.180365455570426 25.203815232582947 
172.02165600000046 9.65372257929914 24.168636073770703 
173.02165600000046 22.395255014891028 13.145897193596163 
174.02056666666712 9.98545952338792 24.72051902500304 
175.02165600000046 23.278549404900208 13.280458968574997 
176.02165600000046 8.774717917612957 20.776090704055687 
177.02056666666712 25.06769600931243 9.370077993078157 
178.02165600000046 19.691967324272603 14.060177009291438 
179.02056666666712 23.82316328767306 3.859517609222962 
180.02165600000046 9.802759626249093 20.926451068651332 
181.02165600000046 31.004660882749334 14.952565580003192 
182.02165600000046 22.348180856599356 11.906427301150204 
183.02165600000046 23.049660811905717 21.436685415485528 
184.02165600000046 22.433492884496637 15.343772711988954 
185.02165600000046 22.771974191677202 11.313572999533278 
186.02165600000046 26.3076957880829 15.088093577321096 
187.02165600000046 16.59243348831936 14.056678482643996 
188.02165600000046 20.70467440611249 14.817098544495936 
189.02165600000046 17.429238600970045 18.802072535957883 
190.02165600000046 23.1329026267168 16.263445322187764 
191.02165600000046 11.90085958676791 22.812427371409477 
192.02165600000046 13.129823748321272 10.550591823138328 
193.02165600000046 9.408983555205756 21.421705869523716 
194.02165600000046 14.67727686214716 10.809230340869501 
195.02165600000046 29.451597530113443 10.061998911417636 
196.02165600000046 24.03687068295611 14.552218234555138 
197.02056666666712 17.16863712024793 11.19186537059722 
198.02165600000046 15.009234951321186 20.139462416145008 
199.02165600000046 21.732529327396204 10.850548417490693 
200.02165600000046 16.926005124985632 12.105847477320804 
201.02056666666712 17.54143751833731 19.46708238053759 
202.02056666666712 9.00419368489041 30.08622697232935 
203.02056666666712 24.39385373682793 11.32875121791976 
204.02165600000046 26.282023810163246 10.749622077352772 
205.02165600000046 17.71994667517833 21.413218772947744 
206.02056666666712 16.22226617252492 12.37383165408822 
207.02165600000046 14.18295227771505 20.062731158507383 
208.02165600000046 7.241830578977685 27.718202016510517 
209.02056666666712 25.3508889308529 9.491181012456288 
210.02165600000046 25.64717008542305 2.3835852710217136 
211.02165600000046 15.561342115408163 3.6931779611803677 
212.02165600000046 18.377580254454386 3.4066178289551736 
