0.0053159999999999995 0.0 0.0 
1.005316 0.0 0.0 
2.021656 16.75813667942955 19.028821464639023 
3.0216559999999997 15.367644742642415 15.050375388552874 
4.021656 9.781914671230329 16.039049347421326 
5.021656000000001 14.32174594846579 11.490820669533608 
6.0194773333333345 18.497799279774 23.7542914833511 
7.021656000000003 21.818769081521662 17.928837511707172 
8.021656000000002 17.094276808079886 14.305218092265823 
9.021656 13.507052513143222 13.815660389373793 
10.021656 18.080141614629003 15.514661661353141 
11.020566666666666 9.366510151110099 19.63264135373373 
12.020566666666664 16.53381525571919 24.59311928337629 
13.021655999999995 20.18788825107563 12.746755236748275 
14.021655999999995 22.261488764289556 16.097165570763536 
15.021655999999995 13.475697761343984 17.467021990168664 
16.021655999999993 20.50420209785869 22.172409455679706 
17.021655999999993 20.060993425111 10.852287228051743 
18.021655999999993 6.570547018449048 14.700330244653303 
19.02056666666666 15.12267425589475 19.37327539091367 
20.021655999999993 15.035394369555148 15.653393141365598 
21.021655999999993 11.87634287765242 15.656818685435974 
22.021655999999993 20.96516872360511 16.109849607487224 
23.021655999999993 17.1711640360833 15.343938488445279 
24.021655999999993 17.111746049931913 19.800659355102663 
25.021655999999993 16.66294162633599 19.016185623525814 
26.021655999999993 10.876206713612412 20.851683279038145 
27.021655999999993 13.61644642083414 10.551481531902937 
28.021655999999993 20.701645131212523 18.274763041287272 
29.021655999999993 16.717442361994596 12.023272300281857 
30.02056666666666 10.67712431844398 15.80584493530324 
31.021655999999993 10.441437281437956 15.461757204269102 
32.02165599999999 11.241898940057053 14.931600002564835 
33.02165599999999 9.533060186661327 17.185283717299832 
34.02165599999999 15.086757799633968 11.972701908187556 
35.02165599999999 14.561608626928345 17.049685548193217 
36.02165599999999 14.67906826813471 12.176188969294563 
37.02165599999999 17.18820037216355 17.379911907005866 
38.02165599999999 13.9288792980355 18.468726865219992 
39.02165599999999 17.084481294583814 21.610165741368654 
40.02165599999999 15.85250527394837 11.906282544750379 
41.02165599999999 17.53941220103417 16.604567059796874 
42.02165599999999 18.1600282367403 15.719899495778998 
43.02165599999999 5.543285176912212 14.626749187413521 
44.02165599999999 18.511797720719358 15.755994879471285 
45.02165599999999 16.00022297455924 17.900730222471516 
46.02056666666666 12.86832220155707 13.16407008844022 
47.02165599999999 25.678457492040252 17.373043101165614 
48.02056666666666 16.18615170884822 17.81550389499804 
49.02165599999999 16.460410155500455 20.975159853238935 
50.02165599999999 15.219596987178178 15.631081187206341 
51.02165599999999 15.487636568288307 16.961373543357897 
52.02165599999999 17.02188807760732 23.191480344546992 
53.02165599999999 18.17253974869428 14.573876684406452 
54.02056666666666 21.1863731218222 16.39222425068623 
55.02165599999999 17.18068661924217 15.820253948101394 
56.02165599999999 12.774225528693254 15.735312589122644 
57.02165599999999 9.990445062619642 13.982157917889849 
58.02165599999999 12.965636057406192 21.151462427445814 
59.02165599999999 20.787181070748858 17.713897562470954 
60.02165599999999 16.881477390008392 20.088893317662535 
61.02165599999999 23.30475830582741 15.760338159134937 
62.02165599999999 26.9958288197704 22.423010508308288 
63.02165599999999 20.432112866021534 13.761653015130426 
64.021656 16.11610451699893 11.148227942472602 
65.02165600000001 17.60079662960523 16.883866461335263 
66.02165600000001 22.233451905892956 21.124487652567232 
67.02165600000001 22.51460634015367 18.604468889826748 
68.02165600000002 18.577381075094145 14.499779341768045 
69.02165600000004 15.654097186925135 12.835465429741523 
70.02165600000004 14.967153761486706 12.813006336587623 
71.02165600000004 11.470363043935183 15.416726325009634 
72.02165600000005 14.26882842923654 25.696391220724166 
73.02165600000006 21.71253451886764 16.105125752596802 
74.02165600000008 16.32369823121047 12.663932735477879 
75.02165600000009 8.259532739472096 11.397651360875857 
76.02165600000009 15.97572960114233 15.964187336780123 
77.0216560000001 19.32378395887382 16.064044077475362 
78.02165600000012 15.06813319797288 15.041656893054812 
79.02056666666678 17.84504005218385 22.67854716684938 
80.02165600000014 10.741711860866557 14.683240262126517 
81.02165600000015 14.635582483917 24.219943569810855 
82.02165600000016 18.11091074591801 17.604199962302356 
83.02165600000018 16.214624628515207 13.274363225334067 
84.02165600000018 15.722766837280323 16.646617835679393 
85.02165600000018 15.770277553923785 12.547859565454209 
86.02056666666685 18.8219218907981 16.88562522947313 
87.0216560000002 19.386250238470787 13.900846192602046 
88.0216560000002 13.512792980542413 12.308577261455762 
89.0216560000002 7.117093319704061 14.896343416610879 
90.02165600000022 17.10406341039969 18.088526016407915 
91.02165600000023 14.332601587583845 12.170056563668034 
92.02165600000023 13.578063918641107 18.084959922336925 
93.02165600000023 12.039412166148761 17.181078623477916 
94.02165600000025 13.556766156512705 17.730764830531015 
95.02165600000026 18.60868993828664 16.683171291361496 
96.02165600000026 21.848219163355978 16.292892659392624 
97.02165600000026 16.049468529197313 19.357115543799935 
98.02165600000026 13.47390851729743 15.031967273691054 
99.02165600000028 14.731071217034508 17.380343577059833 
100.02165600000029 11.688731248549988 7.7667883651382486 
101.02056666666697 9.199474320790596 22.23350808233976 
102.0216560000003 25.72863371939659 14.869646769792325 
103.02165600000033 16.10098989941224 15.833995701567018 
104.02165600000035 16.923914534174266 17.109489462486184 
105.02056666666701 5.61093939948063 17.62792100132177 
106.02165600000035 9.08365287648753 20.174533371765907 
107.02165600000035 20.66628342121632 11.501157226598194 
108.02165600000036 16.227862686570194 20.041680845846724 
109.02165600000038 19.57285846317965 21.493403060845345 
110.02165600000039 19.12085962614422 20.470976869241717 
111.0216560000004 8.012379327828832 21.609517301975714 
112.0216560000004 4.357748203968205 17.760514006968897 
113.02165600000042 12.698699829392766 21.474690661745168 
114.0205666666671 8.790476580675561 17.33580384513866 
115.02165600000043 16.22596363576341 12.086001042372995 
116.02165600000045 21.565306180236348 14.252596059996797 
117.02165600000046 20.13939053666582 23.210699887160345 
118.02165600000046 16.571253025634167 18.556208989825187 
119.02165600000046 8.467643643096618 16.081751760099035 
120.02165600000048 14.577563376408186 16.388871339100202 
121.02165600000049 16.59336261749483 14.547249661770872 
122.0216560000005 10.28446752519341 5.2407615887785255 
123.02165600000052 12.115375431338435 12.044007989202818 
124.02165600000053 17.23996379165964 16.170061856188532 
125.02165600000055 14.133834943124459 17.639013246833475 
126.02165600000056 5.311773959369351 15.899621119648145 
127.02165600000058 21.19630067078264 16.999517490163917 
128.02165600000058 21.45914315308717 15.311943395995728 
129.02056666666724 20.7531395468282 20.22194836111697 
130.02165600000058 18.60966503846083 11.845355202436217 
131.02165600000058 18.548831899152386 18.816773307350175 
132.02165600000058 5.303842463006369 13.318893124991604 
133.02165600000058 15.69517602420114 24.597913624123855 
134.02165600000058 12.549072035377437 19.174403635711364 
135.02165600000058 13.90082926932494 21.658611582963907 
136.02165600000058 18.15233156477663 14.216764862855067 
137.02165600000058 15.23881529187899 13.898897308541196 
138.02165600000058 20.94661069277817 15.206414314392672 
139.02056666666724 19.72529325443208 15.41109195809829 
140.02165600000058 12.78313025083234 12.171907817212013 
141.02165600000058 13.507358601197483 22.811916870629936 
142.02056666666724 15.13837153533717 18.68860371364259 
143.02165600000058 26.146516532546247 11.755137598965488 
144.02165600000058 18.94143880443186 13.635615907031347 
145.0194773333339 15.0835431269805 16.3914484221036 
146.02165600000058 16.688284413671386 21.658469581618206 
147.02165600000058 17.58768621169987 15.463830310387303 
148.02165600000058 20.941922040130073 10.994617097255775 
149.02165600000058 19.04752432051528 19.351239050196618 
150.02165600000058 15.81805607858176 10.885411377562622 
151.02165600000058 16.67004053408656 18.675835163164518 
152.02165600000058 21.150455066694448 10.882693928046596 
153.02165600000058 16.544975020024953 12.879264118597185 
154.02165600000058 18.269062667713577 19.437738815462716 
155.02165600000058 14.86326429842284 20.593437082383392 
156.02165600000058 20.653994951886162 22.373148742113884 
157.02056666666724 18.90050955941091 16.03485180713107 
158.02165600000058 18.91408308651583 18.499807678007432 
159.02165600000058 13.218574445556163 12.451852921752142 
160.02056666666724 9.370665309750922 18.69828621719499 
161.02165600000058 11.66866773668313 10.390672492799554 
162.02165600000058 22.273121267832856 17.680496487489073 
163.02165600000058 16.608058318304582 15.760864139097496 
164.02165600000058 22.161308687850223 22.364411475470657 
165.02165600000058 16.806241316473276 12.568843906523199 
166.02165600000058 20.14552351670405 17.978962922634054 
167.02165600000058 17.016194624493025 21.282843700644282 
168.02165600000058 15.936664712836386 15.191254621287472 
169.02165600000058 14.140549612288147 15.368098872678626 
170.02165600000058 14.526863146006525 10.848050188364578 
171.02165600000058 24.38190088761469 19.549181871043487 
172.02165600000058 16.847539295976393 10.020435936803638 
173.02056666666724 18.9632572147818 19.86141887429595 
174.02165600000058 16.80111810524562 15.007102751377236 
175.02165600000058 9.84373569232132 17.519890530077653 
176.02056666666724 16.70449048045276 19.17362647559749 
177.02165600000058 10.74261339750087 15.407385896121973 
178.02165600000058 11.46796616100206 14.529733819026593 
179.02165600000058 18.44856330206256 23.153598925594014 
180.02165600000058 15.14391648324965 14.574127190463674 
181.02165600000058 12.361387783750546 21.054181443935242 
182.02165600000058 8.9100307329071 18.009502476237248 
183.02165600000058 17.931679744615103 20.032551548430646 
184.02165600000058 24.850236024146632 14.637912327393181 
185.02165600000058 18.98339311507221 12.189370001994844 
186.02165600000058 10.513895311894291 18.387098800537313 
187.02165600000058 23.057715731588324 13.343894630490189 
188.02165600000058 20.414744840404474 16.969085196835916 
189.02165600000058 13.514481876571026 11.918244723396043 
190.02165600000058 17.997029752038845 12.239652653279196 
191.02165600000058 13.41214898290095 12.880580993709264 
192.02165600000058 10.42999311692239 14.702952726621296 
193.02165600000058 20.152275824769838 14.721708623788844 
194.02165600000058 16.25123721340872 15.064126482479688 
195.02165600000058 9.555815811284853 17.872516175075866 
196.02165600000058 18.667105622414997 18.704383249733255 
197.02165600000058 17.57674370517051 12.099097765446265 
198.02165600000058 13.502842213126705 13.593863752843571 
199.02165600000058 13.899959877839613 13.630261257507732 
200.02165600000058 13.403642407589981 11.407084276758486 
201.02165600000058 20.09629707931249 12.636876454704387 
202.02165600000058 19.23746107083699 15.436996894762872 
203.02165600000058 17.523125126703444 12.247761896165867 
204.02165600000058 16.49005169033548 14.889037195108155 
205.02165600000058 16.041121733393418 13.085424476770257 
206.02165600000058 18.647747001732306 14.370320310213316 
207.02165600000058 12.389575881282784 13.435475781464236 
208.02165600000058 17.7086655140414 10.146117070846437 
209.02165600000058 14.760406620224744 13.396792132546402 
210.02165600000058 15.00816548978798 18.661181955558344 
211.02165600000058 13.90308318667452 15.725119099296904 
212.02165600000058 9.889211128229235 13.849307823270866 
213.02165600000058 16.342354530010315 14.087911884010847 
214.02165600000058 18.680132390442914 20.530619120294052 
215.02165600000058 19.74936561001835 17.101675621458924 
216.02165600000058 9.651026672629854 17.064382429943798 
217.02056666666724 16.78294237591517 19.57122428910845 
218.02165600000058 14.070802986570659 14.524458836593663 
219.02165600000058 11.93104232562056 11.490246040550428 
220.02165600000058 15.157662818015709 17.644163343713906 
221.02165600000058 9.047444592030157 18.018239027493383 
222.02165600000058 13.297952187164864 15.010549004333752 
223.02165600000058 11.62097678767794 21.241898442770932 
224.02165600000058 12.987609695476229 19.715340630903484 
225.02165600000058 15.180185817010717 12.713141506349604 
226.02165600000058 15.505140377450168 17.796599507109637 
227.02165600000058 13.281941486136322 11.987060842161409 
228.02165600000058 18.266817960784675 13.071781448972846 
229.02165600000058 13.993142320961834 18.930826083496832 
230.02165600000058 13.913913000626376 14.359370898537962 
231.02165600000058 21.576070348509063 17.249763082867624 
232.02165600000058 15.31366374752077 10.774411249328624 
233.02165600000058 16.6620636221797 16.101821297941168 
234.02056666666724 14.23292559637026 19.82280385909913 
235.02056666666724 9.143282960302137 16.47034695275471 
236.02165600000058 13.58697046105363 12.574969175650246 
237.02165600000058 19.18554097867432 16.985846096293137 
238.02165600000058 9.19417830963808 16.635108710912395 
239.02165600000058 16.676309841567374 15.399428891370299 
240.02165600000058 17.20702213662457 20.226698021279773 
241.02165600000058 22.72499198196499 22.220287556213357 
242.02165600000058 17.165138946834766 10.456236210691932 
243.02056666666724 16.74673328868323 23.29362717761781 
244.02165600000058 15.933816983702789 13.863061397673155 
245.02165600000058 15.70624216152196 16.398905397169454 
246.02165600000058 12.69512310815805 11.212947579912457 
247.02165600000058 13.901250871658966 23.915264987805404 
248.02165600000058 20.74178517499776 16.232130965578047 
249.02165600000058 17.39818581549685 14.825911079213606 
250.02165600000058 10.669342506543217 11.086477539126674 
251.02165600000058 4.797578908904313 13.580479650379845 
252.02165600000058 10.762577122439364 15.820147720600685 
253.02165600000058 15.222119765281905 11.254637337645942 
254.02165600000058 20.106440887130763 21.376445991639248 
255.02165600000058 18.787539515852792 21.825321419529722 
256.0216560000005 18.135047786823613 13.531012163675006 
257.02165600000046 19.014268763967056 20.340858120254673 
258.0216560000004 6.069012366080186 13.705293065437996 
259.02056666666704 17.62022915178079 9.116858251036536 
260.0216560000003 20.0414641663711 15.361034666916424 
261.02165600000023 18.567426661401853 12.722541408403304 
262.02056666666687 14.69194795410829 21.06935450139577 
263.0216560000001 13.67754474639012 12.230375790053058 
264.02056666666675 13.09023649994398 17.87192655088105 
265.021656 17.04316815593564 17.074329232713534 
266.02165599999995 10.250628682993582 18.575791055654967 
267.0216559999999 20.3259398550397 19.365978595802254 
268.02165599999984 11.952429343203463 19.268203430898737 
269.0216559999998 13.574477813712937 12.633846633519216 
270.0216559999997 25.896520970967252 16.462666822400227 
271.02165599999967 6.312590465450448 16.904760074781016 
272.0216559999996 14.64271071401782 23.966834538424376 
273.02165599999955 24.76923194075877 16.717141539684157 
274.0216559999995 9.21690927198387 17.668697135814295 
275.02165599999944 17.591676263784436 16.166237856260743 
276.0216559999994 5.938366302302445 17.037703866261143 
277.0216559999993 16.07403508863058 15.602574510750344 
278.02165599999927 14.940827890451125 18.218907668927542 
279.0216559999992 20.500414422570486 14.905537032318032 
280.02165599999915 15.620232496455797 13.929984143428793 
281.0216559999991 11.680803588572843 18.626421357698053 
282.02165599999904 8.551561779559822 16.295289930221003 
283.0205666666657 20.54095974871987 21.12337334199919 
284.021655999999 8.9475448287686 12.409686795997445 
285.0216559999989 17.31791462038819 13.340546462957182 
286.02165599999887 16.90503786041186 12.273846676337818 
287.0216559999988 17.38229774010068 13.485554766045228 
288.02165599999876 18.763127838245556 10.858886463653398 
289.0216559999987 17.6747851092377 11.249266171521516 
290.02165599999864 16.441898409451014 16.823510639335268 
291.0205666666653 17.5136113408922 23.44647906844378 
292.02165599999853 22.176861107521923 20.961347703436623 
293.0216559999985 20.74430644326027 12.920928354495986 
294.0216559999984 16.01125022367273 17.931574112934648 
295.02165599999836 12.10102553987248 20.217558520514856 
296.0216559999983 13.386527584271697 14.345330568527137 
297.02165599999825 20.11159286891506 22.555092828605783 
298.0216559999982 13.95380229488634 19.133266296942267 
299.02165599999813 16.39061527809858 18.854354372558042 
300.0216559999981 15.775125143036568 12.596252824869719 
301.021655999998 16.22757186392279 18.189447193604334 
302.02165599999796 12.550647611972332 15.564241094396163 
303.0194773333313 19.79122894176 17.0361898592902 
304.02165599999785 15.440475341097178 17.107439962965913 
305.0205666666645 16.4761679358895 9.617636580249556 
306.02165599999773 12.899179922221755 17.967911857040377 
307.0216559999977 10.20465279240332 19.576485677307428 
308.0216559999976 19.1465147308087 16.340401735588145 
309.02165599999756 13.095847973139925 12.592078468339562 
310.0216559999975 18.636090042471167 13.427042795083706 
311.02056666666414 12.1255307796513 19.51183000942056 
312.02165599999745 18.53941295087611 15.488556155441776 
313.0216559999974 14.741184334441442 16.647271769405275 
314.02165599999734 11.80748927899333 13.752809774375478 
315.02056666666397 13.4681153291617 5.625958901697363 
316.0216559999972 9.768290167248539 18.747286520891436 
317.02165599999717 19.23762677984677 18.141123763924906 
318.0216559999971 14.375850962918937 12.343575923354232 
319.02165599999705 17.884755691703468 21.351990181489263 
320.021655999997 12.060499476643816 13.015672855408514 
321.02165599999694 6.272594962411228 16.475832428438736 
322.0216559999969 7.018648868776884 16.388724306366132 
323.0216559999968 19.33274346616835 13.203123314901404 
324.02056666666346 17.5623527253958 17.92386934841267 
325.0216559999967 17.309854930757933 13.543721536315875 
326.02165599999665 12.820359083169368 17.412672140154445 
327.0216559999966 15.76685131322924 17.723754565309992 
328.02165599999654 16.45157390891838 12.225494161091842 
329.0216559999965 15.185767995768604 15.435133082012868 
330.0216559999964 24.09376782007621 22.118939592190422 
331.02165599999637 16.74544147863258 16.577212118602567 
332.0216559999963 12.996887738014044 13.946693332703124 
333.02165599999626 12.371818452791818 16.560824905803102 
334.0216559999962 14.61797989576434 14.719405978509164 
335.02165599999614 17.074958281480196 14.418595953839402 
336.0216559999961 9.827544112878579 18.172877127477342 
337.021655999996 12.88474125449448 17.233327451505197 
338.02165599999597 16.87014774808318 14.261277268835919 
339.0216559999959 14.689227328960074 10.428713331122692 
340.02056666666255 17.96686154873363 20.46390413007785 
341.0216559999958 11.62564754704465 16.329603464304867 
342.02165599999574 18.312514401745428 12.944158138828568 
343.0216559999957 23.4363907682974 14.740933131179442 
344.02165599999563 18.316316035992518 13.797129058796255 
345.0216559999956 12.040528248476678 14.543306687524526 
346.0216559999955 12.618030601196612 13.207462603376008 
347.02056666666215 19.90652101887711 19.20204742958325 
348.0216559999954 19.806470802422925 18.534686419523876 
349.02165599999535 16.61099896029133 16.120885350494977 
350.0216559999953 9.574903586950226 15.273229515135856 
351.02165599999523 14.791340635669412 20.859203026218182 
352.0216559999952 23.97216924195554 20.528848199009555 
353.0216559999951 15.5053240260118 18.730620832304613 
354.02165599999506 15.673651388790503 18.896335131197095 
355.0205666666617 15.51634036862867 16.69821516197147 
356.02165599999495 16.320088293254795 22.665782807398976 
357.0216559999949 12.439102886312806 15.223285110519512 
358.02165599999483 18.26759172135005 17.650353810785717 
359.02165599999483 15.653281435259434 16.910760727614488 
360.0216559999948 12.625600647971464 15.790404876440954 
361.0216559999947 9.906383683663702 12.128247889836512 
362.02165599999466 14.525809897888289 13.998143980178348 
363.0216559999946 17.673562063523292 14.991726475417865 
364.02165599999455 14.479904746328884 19.273540795406646 
365.0216559999945 11.471502364856747 21.360243260508692 
366.02165599999444 14.691616779071056 15.793432718857161 
367.0216559999944 20.76665044916657 12.870447337369484 
368.020566666661 22.34762435446973 11.25232890376198 
369.02056666666095 9.086208142027164 7.925088075994484 
370.0216559999942 14.291233291642989 15.958213492778487 
371.02165599999415 19.79581749696316 17.058034032218014 
372.0216559999941 21.35432883812094 20.104564596456495 
373.02165599999404 14.430446010379761 11.740003655240056 
374.021655999994 21.59222763919572 16.653119483928343 
375.0216559999939 10.004332467929707 16.464389074555264 
376.02165599999387 13.940445885830917 14.680705164842905 
377.0216559999938 17.922143235226002 20.578960714034856 
378.02165599999375 15.011171918882328 13.703219673434386 
379.0216559999937 16.822394831945207 12.229435917649166 
380.02165599999364 20.113581296447318 24.277306090756312 
381.0216559999936 6.301640786794529 17.888654186936552 
382.0216559999935 16.415430468485134 12.126697534376444 
383.02165599999347 23.648519276255275 20.263149556863965 
384.0216559999934 19.91487784227717 15.713021448866597 
385.02165599999336 17.36251617988709 12.687390675804357 
386.0216559999933 16.586875012339217 13.911906683362009 
387.02056666665993 8.423037538165715 14.32825635433918 
388.0216559999932 13.975623387991487 10.405598858632851 
389.02165599999313 18.33620933593129 13.893700945940578 
390.0216559999931 20.082881391969707 19.702958499113244 
391.021655999993 16.236202222103497 11.701682074631439 
392.02056666665965 9.51329634303516 19.14077592541811 
393.0216559999929 11.0325500727158 19.768163416146738 
394.02056666665953 10.3368840028166 10.27161658979841 
395.0216559999928 21.37702186911845 18.789582324050432 
396.02165599999273 16.26667797357941 20.287201761523963 
397.0216559999927 18.551798979392903 17.009295304080126 
398.0216559999926 15.942600065380928 18.220447853928782 
399.02165599999256 19.064528517034514 16.805239046470934 
400.0216559999925 18.339067880013115 13.087169424683115 
401.02165599999245 14.46184598504543 18.964457317550853 
402.0216559999924 17.36515151528131 17.614862687841534 
403.02165599999233 12.859242178207746 17.391200056230975 
404.0216559999923 13.823880889714566 15.132186712715352 
405.0216559999922 16.045841616968914 13.328438182122381 
406.02165599999216 19.33846105984332 14.416408024346387 
407.0216559999921 18.503158522142392 13.753761274317707 
408.02165599999205 11.868741617148693 15.936276825356549 
409.021655999992 19.437514148403373 14.797477243283632 
410.02165599999194 11.09409380528724 14.685193862886056 
411.0216559999919 23.30985888595745 18.711455870621737 
412.0216559999918 18.820807104453017 15.784879764319557 
413.02165599999176 19.29008757407067 12.206356741789495 
414.0216559999917 16.73844460104123 14.674716715335425 
415.02165599999165 12.618338190022802 14.382348747494746 
416.0216559999916 16.299578921698565 20.900740586764915 
