0.0053159999999999995 0.0 0.0 
1.005316 0.0 0.0 
2.021656 9.793165502809195 25.077246535911208 
3.0216559999999997 19.99698593793383 11.827267644536526 
4.021656 22.954653414706073 12.171679798508787 
5.020566666666667 27.57837372915129 6.311916960132867 
6.020566666666668 24.04642899197905 9.368183226500236 
7.020566666666669 16.40602677181394 8.875797116084087 
8.021656000000002 18.98255170695435 12.267778633863404 
9.021656 9.732628080009999 23.234854266192364 
10.021656 19.075265826632464 11.679352354266202 
11.021655999999998 6.444593281074659 23.240693407032417 
12.020566666666664 23.72447104892007 7.877489214040487 
13.021655999999995 7.17631917555525 18.573837104391682 
14.021655999999995 30.183217149051508 13.199257136992491 
15.021655999999995 18.255291176231346 14.633109344547746 
16.02056666666666 8.22295676145568 23.64790163869049 
17.021655999999993 27.00963949644987 13.339349857287509 
18.021655999999993 17.855462745539352 11.351311259108966 
19.021655999999993 22.51135448980823 14.962202391204306 
20.021655999999993 23.481944664528665 14.500127132017845 
21.021655999999993 6.31128393383832 27.977565801178137 
22.021655999999993 21.189990661436486 13.953223101844003 
23.021655999999993 26.235944931800507 2.5766711430057025 
24.021655999999993 20.441186130047893 13.511780710834534 
25.021655999999993 28.47895358007362 14.314367132579523 
26.021655999999993 23.13679711346516 11.528211750503681 
27.021655999999993 12.58439472160815 18.354809628116858 
28.021655999999993 9.883181211392142 21.493112845442678 
29.021655999999993 4.84776895685418 19.743013208326527 
30.021655999999993 8.291981732864079 22.460817359757645 
31.021655999999993 26.70411238653788 11.320431492777535 
32.02165599999999 8.79849112732716 20.756345722957178 
33.02165599999999 22.12844543917197 12.513568043221552 
34.02056666666666 27.98982407046973 9.332558246522566 
35.02165599999999 7.976678675508895 23.795513483009728 
36.02165599999999 6.805077818908499 19.081556903205072 
37.02165599999999 5.065341877517327 23.702077548513927 
38.02165599999999 9.320717578782148 23.891330235569075 
39.02165599999999 20.237012830277582 10.900470851883577 
40.02165599999999 18.714541548031562 16.613740811722348 
41.02165599999999 17.27179450412651 23.795490398982075 
42.02056666666666 9.37384381211573 16.07610490367238 
43.02165599999999 4.047534936982083 25.658536991047107 
44.02165599999999 17.205290407343345 15.557393999929985 
45.02165599999999 23.011658176093917 10.491619924015044 
46.02165599999999 21.592552374142024 3.7235420234848835 
47.02165599999999 29.647028616086256 10.354989800089616 
48.02165599999999 10.53659408303748 25.875310602186598 
49.02165599999999 28.211032195606577 13.565931886355099 
50.02165599999999 22.426764772679086 14.030278237195638 
51.02165599999999 21.35571198986083 18.396230104152682 
52.02165599999999 16.00001355711023 14.643655577974638 
53.02165599999999 8.702893017377413 21.562424671254405 
54.02165599999999 10.47324528922563 17.619116626446665 
55.02165599999999 17.388499860155115 17.685841444629908 
56.02165599999999 19.0842161974482 25.311177938268838 
57.02165599999999 16.710777662164986 14.040506363230541 
58.02165599999999 27.143492318414516 15.638700310395064 
59.02165599999999 19.948035581431707 10.086391692959715 
60.02165599999999 8.962767563181654 25.627159037128056 
61.02165599999999 22.04637979057454 19.647161341790543 
62.02165599999999 22.003949838733654 3.5524185692462567 
63.02056666666666 25.62265019643741 5.540971884688715 
64.021656 20.69410925855762 10.612417140616952 
65.02165600000001 28.103322080516556 2.6931626390350463 
66.02056666666667 8.37199044135613 26.39375190832304 
67.02165600000001 22.487109067157675 1.7802616282186658 
68.02165600000002 20.094536010504438 12.161161628265143 
69.02165600000004 25.06536973485324 1.1021959815516116 
70.02165600000004 7.286454451800427 26.446533198559194 
71.02165600000004 22.58759905881948 10.639437050771924 
72.02165600000005 10.79557173193052 17.250513716024848 
73.02165600000006 4.819490933917251 26.561733073054757 
74.02165600000008 18.061163305226533 14.126099851874017 
75.02165600000009 18.10605245052924 20.860609556257437 
76.02165600000009 26.05242613032035 11.369791757104977 
77.0216560000001 16.774116547756158 15.350526666012888 
78.02165600000012 19.11558101984831 10.575758358723014 
79.02165600000012 22.69330864422681 13.248461559531002 
80.02165600000014 17.414575105818606 14.004757023640707 
81.02165600000015 5.170736120745853 18.187870914233955 
82.02165600000016 19.878526672337916 11.640234975711365 
83.02056666666684 19.50686907775529 8.914373513595685 
84.02165600000018 23.24810693769957 12.817690337984647 
85.02165600000018 6.569746863674195 22.276450509833623 
86.02165600000019 22.090779024029214 14.814082383617606 
87.0216560000002 7.35694757886807 22.725186950711542 
88.02056666666687 18.62616495083145 9.737044154947291 
89.02056666666687 18.59796584525365 9.064712094758416 
90.02165600000022 16.566600888864535 11.155692456203376 
91.0205666666669 32.17677249017283 12.00022343665825 
92.02165600000023 19.034119230065897 21.108640230695656 
93.0205666666669 18.40508961679886 6.571224074381361 
94.02056666666691 22.22798122374538 10.74461830636626 
95.02165600000026 21.206721456840757 10.035366491621936 
96.02165600000026 22.696393095337402 17.328919589829212 
97.02165600000026 23.960060597847352 15.983465493611847 
98.02165600000026 3.189931743143953 18.971443158585764 
99.02165600000028 23.285441806051466 10.786757536722963 
100.02165600000029 6.268156931244919 20.035684915364875 
101.02056666666697 18.00578887994639 14.38812090325093 
102.02056666666697 21.40163184418014 7.302459464722494 
103.02165600000033 9.32686239118339 26.981100937633567 
104.02165600000035 7.538394662544873 27.898665424337466 
105.02165600000035 25.704161431102495 17.867865651964944 
106.02165600000035 27.850736229128426 14.390718727908808 
107.02165600000035 8.165195067833833 25.686970875579366 
108.02165600000036 22.778948249816583 12.449826052001185 
109.02165600000038 4.117757273039223 17.653981325262027 
110.02165600000039 8.098761941236038 19.714187038574234 
111.0216560000004 18.339608057212477 11.326234220188239 
112.0216560000004 1.513760559260163 23.805537338796533 
113.02165600000042 15.19014749783734 17.840043428134706 
114.02165600000043 23.057796391283503 12.530623659442668 
115.02165600000043 24.459946667036263 6.3024084145710235 
116.02165600000045 19.705721783537534 2.1963726775755124 
117.02056666666712 25.1267507839169 9.894566606484013 
118.02165600000046 9.000744209480333 27.460814045154315 
119.02056666666712 24.86763871848506 17.34269606873749 
120.02165600000048 15.08132827957014 26.681140307499902 
121.02056666666715 20.99011321830641 17.68648212857442 
122.0216560000005 18.689298761048295 18.205724963151404 
123.02165600000052 17.80300200092278 11.807451523937356 
124.02165600000053 24.07781071744015 14.165752692307166 
125.02165600000055 27.15384220384428 13.058491060682401 
126.02165600000056 22.00449929602402 15.035538305415418 
127.02056666666724 29.0590482593717 9.624744222670996 
128.02165600000058 11.08912878821658 19.608441537989634 
129.02056666666724 27.63703115717995 9.839769956052244 
130.02165600000058 9.211994093492926 15.841756251916982 
131.02165600000058 8.09196851083599 16.521316899651058 
132.02165600000058 22.625826713546193 11.472502723236275 
133.02056666666724 27.56605327919984 2.456948212850362 
134.02165600000058 22.369865754856217 13.234110434426267 
135.02165600000058 21.54789743331924 13.171141921194373 
136.02165600000058 21.973010736937113 12.554856699178687 
137.02165600000058 8.512411940308926 13.186809958883138 
138.02165600000058 9.390571318219871 20.722930369175522 
139.02165600000058 18.430938413672354 10.228885916770182 
140.02165600000058 26.166397379437413 12.339786425585675 
141.02165600000058 7.069755078911137 22.918224168366795 
142.02165600000058 9.743629035812878 19.081122070142033 
143.02165600000058 11.55813015574925 17.039454422631845 
144.02165600000058 22.561763108612965 19.127615437626257 
145.02165600000058 22.99375791251998 15.101128050741604 
146.02056666666724 18.7749836554435 2.969209609307386 
147.02165600000058 22.923213082824052 13.375344811146793 
148.02165600000058 9.591134296310331 28.476221256607687 
149.02165600000058 21.07574318750844 12.865971261747264 
150.02165600000058 10.03096880718214 24.233103807697816 
151.02165600000058 7.924649025663971 23.751851934610333 
152.02165600000058 18.053840807732016 11.434001163465568 
153.02165600000058 15.769194099834255 12.964865495842563 
154.02165600000058 6.011832158932017 19.327564080815346 
155.02056666666724 25.28015971042627 8.865177086235867 
156.02165600000058 19.571398389121413 13.197940837964895 
157.02165600000058 7.967728603714189 22.070428727425696 
158.02056666666724 7.32393527256138 18.13347970953424 
159.02165600000058 7.715294859858773 30.291215828748136 
160.02056666666724 22.59915027105649 7.207854501438575 
161.02165600000058 8.764061461247676 25.626041971373144 
162.02165600000058 27.16433825206525 11.081117607897717 
163.02056666666724 26.6783794921868 8.464012257992517 
164.02165600000058 16.705054569325945 22.741367354332212 
165.02056666666724 20.64992383886568 10.60695521548002 
166.02165600000058 8.217361044726811 20.348833200397333 
167.02165600000058 4.688068336324695 20.325941829720055 
168.02165600000058 14.95848459031663 18.008825703643975 
169.02165600000058 20.68310951075681 15.970660764571981 
170.02165600000058 9.84693239062685 18.110667472108346 
171.02165600000058 6.180365455570426 25.203815232582947 
172.02165600000058 9.65372257929914 24.168636073770703 
173.02165600000058 22.395255014891028 13.145897193596163 
174.02056666666724 9.98545952338792 24.72051902500304 
175.02165600000058 23.278549404900208 13.280458968574997 
176.02165600000058 8.774717917612957 20.776090704055687 
177.02056666666724 25.06769600931243 9.370077993078157 
178.02165600000058 19.691967324272603 14.060177009291438 
179.02056666666724 23.82316328767306 3.859517609222962 
180.02165600000058 9.802759626249093 20.926451068651332 
181.02165600000058 31.004660882749334 14.952565580003192 
182.02165600000058 22.348180856599356 11.906427301150204 
183.02165600000058 23.049660811905717 21.436685415485528 
184.02165600000058 22.433492884496637 15.343772711988954 
185.02165600000058 22.771974191677202 11.313572999533278 
186.02165600000058 26.3076957880829 15.088093577321096 
187.02165600000058 16.59243348831936 14.056678482643996 
188.02165600000058 20.70467440611249 14.817098544495936 
189.02165600000058 17.429238600970045 18.802072535957883 
190.02165600000058 23.1329026267168 16.263445322187764 
191.02165600000058 11.90085958676791 22.812427371409477 
192.02165600000058 13.129823748321272 10.550591823138328 
193.02165600000058 9.408983555205756 21.421705869523716 
194.02165600000058 14.67727686214716 10.809230340869501 
195.02165600000058 29.451597530113443 10.061998911417636 
196.02165600000058 24.03687068295611 14.552218234555138 
197.02056666666724 17.16863712024793 11.19186537059722 
198.02165600000058 15.009234951321186 20.139462416145008 
199.02165600000058 21.732529327396204 10.850548417490693 
200.02165600000058 16.926005124985632 12.105847477320804 
201.02056666666724 17.54143751833731 19.46708238053759 
202.02056666666724 9.00419368489041 30.08622697232935 
203.02056666666724 24.39385373682793 11.32875121791976 
204.02165600000058 26.282023810163246 10.749622077352772 
205.02165600000058 17.71994667517833 21.413218772947744 
206.02056666666724 16.22226617252492 12.37383165408822 
207.02165600000058 14.18295227771505 20.062731158507383 
208.02165600000058 7.241830578977685 27.718202016510517 
209.02056666666724 25.3508889308529 9.491181012456288 
210.02165600000058 25.64717008542305 2.3835852710217136 
211.02165600000058 15.561342115408163 3.6931779611803677 
212.02165600000058 18.377580254454386 3.4066178289551736 
213.02165600000058 18.370085230871073 16.300988074938566 
214.02165600000058 9.893968791359342 19.249409242070726 
215.02165600000058 12.12617020443945 16.920934339356684 
216.02165600000058 9.748486435249594 21.362448978086615 
217.02165600000058 11.7999066152885 23.075385778256813 
218.02165600000058 22.22287661381986 12.289931439346145 
219.02056666666724 22.82120923088121 5.357087493747765 
220.02165600000058 17.43029280710689 14.223638907643952 
221.02165600000058 19.31720555693326 18.136440041476774 
222.02056666666724 21.55134141685892 6.970029779657428 
223.02165600000058 17.38624030445991 21.309664814151738 
224.02056666666724 14.6663612366917 16.84734341653979 
225.02056666666724 31.89737623198496 3.246920196087868 
226.02165600000058 8.559290352772845 27.944490404420648 
227.02165600000058 19.012266668359505 16.851955550949068 
228.02165600000058 8.0101262628447 22.332530175437117 
229.02165600000058 27.747433872830776 13.004651988040216 
230.02165600000058 21.794672592599422 12.044889268329339 
231.02165600000058 20.22785094390546 15.802238953164634 
232.02165600000058 9.420728918274243 21.295852163241364 
233.02165600000058 7.652693262093962 27.455158157413592 
234.02165600000058 5.378143395242041 17.130482006725916 
235.02165600000058 17.04004863812157 12.194012583338106 
236.02165600000058 5.275711427653636 17.349786292279667 
237.02165600000058 24.44398087820816 12.434795214918424 
238.02165600000058 21.05164666191053 17.046187820795698 
239.02056666666724 12.4305574776656 29.26889249869186 
240.02056666666724 26.93504280817619 15.81269099393121 
241.02165600000058 23.088738167896206 12.800382735722177 
242.02165600000058 6.595640353355626 24.242037495864796 
243.02165600000058 23.859233629523647 10.452979817802449 
244.02165600000058 17.23552798289318 24.474136317002735 
245.02165600000058 12.43090717999213 23.601964733189128 
246.02056666666724 25.78777027377972 6.161954205493969 
247.02274533333392 21.97490213285535 -0.3858440507861971 
248.02165600000058 30.098845340392515 14.897784049258453 
249.02165600000058 27.694745816939875 13.372060903728668 
250.02165600000058 13.730918288144396 12.626355564251714 
251.02165600000058 22.62356291917812 11.605312316223333 
252.02056666666724 27.44008736104872 8.638512597481087 
253.02165600000058 26.56478446896567 11.278798511098183 
254.02165600000058 21.436855695014177 2.9588493383275036 
255.02165600000058 18.44592638440738 18.021828856590318 
256.0205666666672 21.44644657137729 9.925353098215579 
257.02165600000046 20.022869342896225 13.383145446445825 
258.0216560000004 22.879144504708744 13.450706463875772 
259.02165600000035 16.68527585916561 12.630559390388798 
260.0216560000003 25.972193534300395 15.544475071057455 
261.02165600000023 3.574391104699373 23.649008476659624 
262.0216560000002 20.44023418577075 12.201050621701674 
263.0216560000001 24.102026263524586 18.690176583881122 
264.02056666666675 17.84159067181534 8.060973933814006 
265.0205666666667 28.10392708362932 9.123848579348728 
266.02056666666664 25.59564269422972 9.866138312205264 
267.0216559999999 6.053418960910106 20.363301916657463 
268.02165599999984 20.624545987209274 10.650195915020833 
269.0216559999998 23.418529701365518 11.371938507872123 
270.0216559999997 25.398547438722495 14.233616290780482 
271.02165599999967 7.672271792283042 20.795861051338886 
272.0216559999996 22.791870684355526 15.638881823942011 
273.02056666666624 19.92102191550613 7.181983134871272 
274.0205666666662 24.54337588398801 16.07807788791588 
275.0205666666661 25.39265174199554 4.668768594033862 
276.0216559999994 19.017255062989335 18.151192221724227 
277.0216559999993 21.708700197241292 1.9091011292790938 
278.02165599999927 26.602565436482813 11.263198468324996 
279.0216559999992 4.177834272676006 19.055856533305647 
280.02165599999915 20.831332797674786 10.068949530551153 
281.0205666666658 18.0866038507893 5.828708095834672 
282.02165599999904 19.204267692390246 10.905134902555178 
283.021655999999 28.8949008603623 10.536177483704291 
284.021655999999 26.46721595687284 10.695395970188923 
285.0216559999989 8.074089935018982 23.195056574847705 
286.02165599999887 9.995158779070632 30.623680101760414 
287.0205666666655 23.71380164425198 4.213443122990604 
288.02165599999876 19.72168518705702 22.693478527994728 
289.0216559999987 18.85822258090896 12.764043403263798 
290.02165599999864 25.31065321070974 12.623536996385706 
291.0216559999986 24.932085430313133 13.723604445484682 
292.02165599999853 23.37437091433001 10.413244198070142 
293.0216559999985 20.543000988615702 10.002612882185232 
294.0216559999984 18.309888821387403 1.8277214131885327 
295.02165599999836 12.30307634581147 22.883107181442224 
296.0216559999983 23.963488645397042 12.445961705546692 
297.02165599999825 24.527255092235723 12.435435317221431 
298.0216559999982 14.50717535612075 15.728557243350886 
299.02165599999813 6.560554033713673 24.617912433650094 
300.02056666666476 5.16059919981796 29.60620094191338 
301.021655999998 5.825867183929228 19.594347402516703 
302.02056666666465 24.03944590048167 8.827126891517887 
303.0216559999979 7.74979810223806 13.336208005122836 
304.02165599999785 23.065366845087926 3.5215259530190526 
305.0216559999978 21.02952653771431 12.173418188449062 
306.02165599999773 11.85108268888059 19.368021448855224 
307.0216559999977 12.98297836298617 25.971874058063488 
308.0216559999976 9.866857759424295 20.711561238268203 
309.02165599999756 23.6657368138377 14.831023476493797 
310.0216559999975 20.766381235213817 21.325938793163502 
311.02056666666414 18.58350179784609 12.16642042858531 
312.02165599999745 9.6846040234814 21.865727256895365 
313.0205666666641 22.12522259642296 13.55433733798487 
314.02165599999734 26.502908009574064 15.084869226008857 
315.0216559999973 7.476961360342907 20.030031855845454 
316.0216559999972 29.578397046588968 11.721369405248486 
317.02165599999717 25.700922777780875 12.827512490343226 
318.0216559999971 6.099848815012289 22.975497104818135 
319.02165599999705 18.704903995603555 13.228456527017368 
320.021655999997 9.791971820528646 12.835228961061665 
321.02165599999694 20.04172547077349 11.596077771592542 
322.0216559999969 15.04146858619102 15.925818334788907 
323.0216559999968 17.546559450538748 3.9803758572375987 
324.02165599999677 26.89750878435997 12.081648037818292 
325.0216559999967 9.645969836630881 16.857653451281223 
326.02165599999665 11.93313183247007 18.826567654865585 
327.0216559999966 23.761094003063324 14.621312480717537 
328.02165599999654 27.034241588616432 10.556994531411096 
329.0216559999965 22.605576552156602 11.999560130209138 
330.0216559999964 21.321550004643715 16.492332000381136 
331.02165599999637 16.1090678690919 17.279742067823893 
332.0216559999963 6.893569851063968 14.676976574825623 
333.02165599999626 7.062763648304411 24.953178738364716 
334.0205666666629 20.32311784680189 12.06621056114799 
335.02165599999614 19.804753002577957 13.104822578746903 
336.0216559999961 17.65759889729261 18.610328777091407 
337.021655999996 12.99602065910818 12.172708279230301 
338.02165599999597 24.18589557632417 14.233759164232103 
339.0216559999959 16.272888404060783 12.198388917349163 
340.02165599999586 20.606500976012306 10.732809587787894 
341.0205666666625 20.96551923613236 17.03704884454639 
342.02165599999574 6.298054311930923 24.104778321485327 
343.0205666666624 27.77636486718048 11.73160860047146 
344.02165599999563 9.353774390706175 23.539389072776935 
345.02056666666226 26.28291569315654 3.172024139175031 
346.0216559999955 26.50187007229904 14.356896834480615 
347.02165599999546 8.0284885913633 21.949066440944858 
348.0216559999954 12.89177105153497 18.610546118490642 
349.02165599999535 20.99891947332231 12.752551165283984 
350.0216559999953 21.75958237333496 12.345198767479054 
351.02165599999523 9.717497356280468 22.589976240609253 
352.0216559999952 27.1414334629893 21.395308808253933 
353.0216559999951 29.14752367213343 13.677910666508158 
354.02165599999506 4.744081688379447 25.428069327787814 
355.021655999995 6.063707082254013 26.119049631140797 
356.02165599999495 6.928154563254025 13.080498585670583 
357.0216559999949 17.50599331228386 14.026987406070555 
358.02165599999483 22.415162518668115 11.052907665524163 
359.0205666666615 26.83945770389156 8.690536583951392 
360.0216559999948 11.70784545486683 16.629872078834254 
361.0216559999947 21.858291635395982 10.019298470855956 
362.02165599999466 18.841398001746793 15.266482803772767 
363.0216559999946 17.62397374955338 12.830978014809254 
364.02165599999455 25.4726274406571 13.458825659416647 
365.0216559999945 22.084454055897893 11.444309883212492 
366.02165599999444 7.261086312459239 19.197136765818776 
367.0216559999944 19.368050363026768 12.285271669678858 
368.0216559999943 23.943854523127058 18.831746867984815 
369.02165599999427 20.19839008028446 18.057308520820882 
370.0216559999942 9.43506956590933 22.400009927701216 
371.02056666666084 18.49879499820081 9.817637956501317 
372.0216559999941 21.84766334494214 18.331677779748283 
373.02165599999404 6.34420088580377 25.300042395815574 
374.021655999994 25.116274158740147 12.856749103907607 
375.0216559999939 14.20243796623954 26.661173080057427 
376.02165599999387 17.5044711390161 12.593623143753444 
377.0216559999938 17.470653700587395 11.052426231464548 
378.02165599999375 26.522224429282836 4.8838327721320995 
379.0216559999937 24.422516653050376 15.609582999793878 
380.02165599999364 14.754055250935423 10.116770888460362 
381.0216559999936 22.058333864769885 13.438813941984103 
382.0216559999935 14.787665383943931 11.873444045954068 
383.02165599999347 7.903806725052935 22.887631966785552 
384.0216559999934 10.99595213425155 22.469358895599548 
385.02056666666005 24.85500188544243 5.430085050028627 
386.0216559999933 9.259847731023418 21.587875943534115 
387.02165599999324 9.30275788476414 20.343208660089207 
388.0216559999932 21.719398779094217 15.844680073471054 
389.02165599999313 24.685607264260884 16.285550225743087 
390.0216559999931 20.18852547821883 10.191087985152482 
391.021655999993 8.018208542330697 25.775067243550797 
392.02165599999296 17.22932765481203 23.051640162831784 
393.0216559999929 7.865834569755313 22.863607362502623 
394.02165599999284 6.383343020427278 18.815874802037733 
395.0216559999928 20.365150324049868 10.355609051997476 
396.02165599999273 32.75885687603676 14.320684323892198 
397.0216559999927 20.041032881041072 15.089122497289448 
398.0216559999926 7.528024946703572 22.285092415558204 
399.02056666665925 22.55956919691255 6.777092977373592 
400.0216559999925 5.369527818330458 14.361601709553913 
401.02056666665914 9.85469657185768 21.42652209547118 
402.0216559999924 23.025445004661552 14.834176590156746 
403.02165599999233 27.01170953640449 12.497808766299208 
404.02056666665897 26.18312446212859 11.76817504653851 
405.0216559999922 9.92109121874202 27.597144241826136 
406.02165599999216 9.310155267445468 20.978789353499693 
407.0205666666588 26.07824822592481 7.607600593603497 
408.02165599999205 12.46851871511304 24.405007236705238 
409.021655999992 7.168701071469773 22.811369191971774 
410.02165599999194 11.25912416603842 28.933330552805245 
411.0216559999919 16.089981427004155 15.449506907523428 
412.0216559999918 21.90371833942967 11.757073219168227 
413.02165599999176 9.499887378388634 19.797219746963634 
414.0205666666584 8.99318637999747 23.21314733268836 
415.02165599999165 25.673403772544916 14.522867499797169 
416.0216559999916 13.02620013539567 28.970505779940876 
