0.0053159999999999995 0.0 0.0 
1.005316 0.0 0.0 
2.021656 32.51479918600969 22.522102555583295 
3.0205666666666664 20.0556857212813 28.15685184190292 
4.021656 20.8386449977599 24.811008326664115 
5.021656000000001 21.463949773849144 26.992325545669967 
6.021656000000002 31.791841879648658 25.746634084194085 
7.021656000000003 20.98303197427886 30.644467828377604 
8.021656000000002 38.73143390502901 27.193623589784472 
9.021656 30.028882139534495 26.859303099190065 
10.021656 24.39364383083109 21.779155256064648 
11.021655999999998 23.865892332103712 26.240567899135122 
12.020566666666664 26.4355502110333 24.67453924361781 
13.020566666666662 22.1369480876878 34.67404106870139 
14.021655999999995 20.50444872524803 17.249537821237332 
15.021655999999995 30.34437498973828 26.659555993884652 
16.021655999999993 32.55398559055047 23.047133665700663 
17.021655999999993 21.85016403922103 26.137224021596435 
18.021655999999993 31.547746334288195 26.197189368859224 
19.02056666666666 32.06791759668797 32.84635932539883 
20.021655999999993 22.76570862551628 31.941714410435953 
21.021655999999993 21.26207245360134 22.044249910562975 
22.021655999999993 30.520496007537695 22.619544966465906 
23.021655999999993 27.64098274947938 26.791842890343993 
24.021655999999993 27.37091821488009 31.549481172261235 
25.021655999999993 24.89603191910574 15.927121461070502 
26.021655999999993 17.138953898563006 22.387068772729524 
27.021655999999993 27.74594568912917 19.623886298986534 
28.021655999999993 34.5072965672135 24.646241246505088 
29.021655999999993 21.361630889659793 29.885407066422395 
30.021655999999993 24.03564476492877 27.540905295787702 
31.021655999999993 22.203790887707505 24.328511229485596 
32.02165599999999 34.213409508257776 16.975141023653357 
33.02165599999999 28.80837379528942 15.342342225811583 
34.02165599999999 17.223369673667424 24.234166489108066 
35.02165599999999 26.16289616868618 28.034929462542497 
36.02056666666666 28.81624136324604 20.78467628915123 
37.02165599999999 25.12073351133649 12.026316866511202 
38.02165599999999 27.057798103073925 28.801522777068886 
39.02056666666666 25.13016618748782 25.71405909321123 
40.02165599999999 20.78921646561343 19.495271434796994 
41.02165599999999 23.86896505343187 23.457340251390544 
42.02165599999999 28.223064089725685 30.001271238075994 
43.02165599999999 19.4980944472458 16.698168358574147 
44.02165599999999 36.9226461350101 16.058912279674523 
45.02165599999999 27.86088787846569 28.013681343135755 
46.02165599999999 23.69546282999899 27.833845155457425 
47.02165599999999 19.9375642975551 23.297270094566507 
48.02165599999999 26.186530254811288 31.975385125447037 
49.02056666666666 32.31149681081548 30.20933477349613 
50.02165599999999 23.45342282552281 28.785536804853095 
51.02165599999999 24.082976337663936 20.981604917081416 
52.02056666666666 20.26251524915873 21.90164244694625 
53.02056666666666 16.4817942612185 31.25436943549452 
54.02165599999999 23.24113394178572 25.541098349626548 
55.02165599999999 21.689689517242083 23.259502037537473 
56.02165599999999 27.995723629852677 22.823983966691117 
57.02165599999999 20.681507850057343 29.921971724261297 
58.02165599999999 26.46911594413894 25.862959286288834 
59.02165599999999 28.12497217447461 22.078885514346872 
60.02165599999999 20.13200687108613 19.958788636614056 
61.02165599999999 30.588036019174886 20.881436414293745 
62.02165599999999 15.820880802907118 17.823026096907192 
63.02165599999999 24.94812311322979 26.729384169559644 
64.021656 27.597443097016985 34.720279589744194 
65.02165600000001 27.99323762449551 22.697990864706977 
66.02165600000001 27.040417602359344 25.661126885282723 
67.02165600000001 24.97545380889542 21.705193050967246 
68.02165600000002 18.684939973303724 28.532305214484868 
69.02165600000004 27.25584406743481 21.066637638856786 
70.02165600000004 19.322103313411947 27.255055380792903 
71.02165600000004 20.977310382260207 22.017752829189096 
72.02165600000005 34.537418306006415 27.342697198247116 
73.02165600000006 30.238223047812504 18.798230074066822 
74.02165600000008 20.04140855606008 20.116605595568135 
75.02165600000009 24.1427025211514 22.701876718382692 
76.02165600000009 19.677294959842534 24.797112430087775 
77.0216560000001 33.58407295739195 19.445712890691397 
78.02165600000012 22.212382960440703 18.902997179894108 
79.02165600000012 32.14029659662056 22.006829261717566 
80.02165600000014 21.80474257810853 21.847421657522954 
81.02056666666681 22.80241134104825 27.36648238333324 
82.02165600000016 18.5471536708763 23.837280375614252 
83.02165600000018 23.825230891518892 19.810782452803505 
84.02165600000018 24.519713355625775 11.768503869614806 
85.02165600000018 18.45858117920704 20.284601716708874 
86.02165600000019 25.848599106654785 28.819620882377315 
87.0216560000002 22.11207137570006 18.109820567071544 
88.0216560000002 35.40112108157631 12.103362686515347 
89.0216560000002 24.966868889707662 25.215986568314854 
90.02165600000022 33.21109328537206 26.341890637332487 
91.02165600000023 30.28083303044227 27.108860462201402 
92.02165600000023 25.18106747319433 21.226002233824026 
93.02165600000023 32.44342545935702 20.842195527593084 
94.02165600000025 22.86142946970097 26.383191710463553 
95.02165600000026 28.459697239515837 21.990541811270568 
96.02165600000026 31.396200588880504 27.744306454504283 
97.02056666666692 26.8069425219669 33.84428286004178 
98.02165600000026 35.75767645126954 27.855180495811968 
99.02165600000028 20.758738640627236 29.752446615186727 
100.02165600000029 24.10958318274685 21.671621874311995 
101.02056666666697 33.81729517068805 27.41626308150437 
102.0216560000003 24.914474151424052 27.379460018963766 
103.02165600000033 23.496792570891117 17.849835805183837 
104.02165600000035 28.76142924490277 31.178636314859453 
105.02165600000035 26.057866723514994 18.300925040885964 
106.02165600000035 22.280092790681305 24.416695756004554 
107.02165600000035 26.483519169677916 25.668949310399757 
108.02165600000036 28.61051745045675 27.274858909085843 
109.02165600000038 22.27825498965018 24.721479749924235 
110.02165600000039 31.658526256585876 21.051825461171493 
111.0216560000004 33.1168934539043 34.300298810295196 
112.0216560000004 26.391627878232562 30.076642261839172 
113.02165600000042 25.37856901153369 10.375663426492823 
114.02165600000043 20.87412126150087 29.866326093247825 
115.02165600000043 28.646766374131165 25.422269748005014 
116.02165600000045 22.79286556221449 22.678850601384188 
117.02165600000046 30.591588629880153 22.478685217141035 
118.02056666666712 20.36192362956732 33.71655645988292 
119.02165600000046 23.44943690457729 18.284918509697253 
120.02165600000048 37.604171658388154 17.980468960113686 
121.02056666666715 18.06221303847353 30.25741036853323 
122.0216560000005 23.89563767418627 28.860732324388604 
123.02165600000052 17.636864916281986 31.553442849607947 
124.02165600000053 34.12102879433945 19.951922770262847 
125.02056666666721 25.66510361581124 24.65195545098032 
126.02165600000056 27.077928479231787 19.055641443126024 
127.02056666666724 28.46890258666059 28.22453407816655 
128.02165600000058 21.95753985556011 26.692018572788566 
129.02165600000058 21.47484646415669 12.157898599795107 
130.02165600000058 19.970761255258246 22.045710698141015 
131.02165600000058 25.17264857655746 19.987525901915877 
132.02165600000058 28.72817430166165 28.578653040435107 
133.02165600000058 30.82508844196506 27.791033588824707 
134.02165600000058 29.900483228881317 26.377875997835904 
135.02165600000058 20.420790917191116 16.351754760397036 
136.02056666666724 27.63902632132779 26.71279601505536 
137.02165600000058 13.891920890179907 26.976101202105443 
138.02056666666724 22.80786175039412 19.15825098304131 
139.02056666666724 32.69245453197675 23.80053137495504 
140.02165600000058 21.12285568662189 26.891350558326064 
141.02165600000058 23.62838942152008 24.676921659256948 
142.02056666666724 33.16318746291295 36.87734972934705 
143.02165600000058 24.73953511590539 28.364765775751685 
144.02056666666724 15.46929944247397 22.25290961308519 
145.02165600000058 28.864150011702286 14.160913138353132 
146.02165600000058 32.71863275771113 31.071671853899208 
147.02165600000058 19.674759003709333 25.831208075362927 
148.02056666666724 27.32498454725068 29.76986417366208 
149.02165600000058 27.24570554877446 29.765119167928436 
150.02056666666724 34.76689565901679 19.54979954887527 
151.02056666666724 26.46743777346581 32.93295481710118 
152.02165600000058 29.37749263165917 22.054781138891133 
153.02165600000058 18.79512427806654 20.023749387139603 
154.02165600000058 16.54133114152155 25.006691924441835 
155.02165600000058 18.48550851448758 26.502257431313197 
156.02056666666724 27.25701081240532 29.70903538737594 
157.02165600000058 23.457499643229713 20.164237975881047 
158.02165600000058 32.98000772188919 24.500405738832285 
159.02165600000058 19.8205076526029 21.720088368948396 
160.02165600000058 25.7248702049133 22.723616996736062 
161.02165600000058 20.17003723664813 23.411349830084955 
162.02165600000058 27.027825324249868 20.154466733410967 
163.02165600000058 28.91147516112624 31.119099744913974 
164.02056666666724 20.16871526242003 19.88275233733901 
165.02165600000058 17.85968502940362 26.076456772603155 
166.02165600000058 27.35977918038342 22.233612612783308 
167.02165600000058 23.45346320976769 20.416087965602618 
168.02165600000058 23.209003923066437 26.487628918555014 
169.02165600000058 27.65084074169598 18.552388035151207 
170.02165600000058 13.654266300693735 27.513829290125415 
171.02165600000058 21.89290628182627 19.434951866009726 
172.02165600000058 25.283459895114717 18.054452840523094 
173.02165600000058 26.440694652912484 24.174611411991176 
174.02165600000058 30.18011249025175 24.782849246586256 
175.02165600000058 28.49532809139798 19.544178687516894 
176.02056666666724 26.68700592065323 29.94649141466497 
177.02165600000058 24.97247058715587 30.504873505770878 
178.02165600000058 27.221073067568728 23.670394038007892 
179.02165600000058 24.3579074423346 29.242148126211156 
180.02165600000058 27.665997823011395 28.991458537644462 
181.02165600000058 19.55797634214116 18.781862028024758 
182.02165600000058 25.76522290915026 31.229769895007333 
183.02165600000058 20.24750052471466 25.526662147885336 
184.02165600000058 23.00515306624036 28.553422407318585 
185.02056666666724 23.86812166624979 21.74101362783827 
186.02165600000058 24.903799746288993 23.057158801194404 
187.02165600000058 20.47938565515834 25.442414125340797 
188.02056666666724 26.36874678830765 22.32974074804708 
189.02165600000058 23.70732201912425 23.214199542640966 
190.02165600000058 28.93241707386414 27.114853923342288 
191.02165600000058 18.391112711054557 25.455792545247732 
192.02165600000058 26.55917213662654 24.487503558598526 
193.02165600000058 24.63331073448102 16.284988990967026 
194.02165600000058 29.48722112351824 29.541380716500242 
195.02165600000058 23.172577362345873 21.391275412851776 
196.02165600000058 32.14187875358244 22.185343749900827 
197.02165600000058 23.08604170462524 29.301716466560098 
198.02165600000058 36.71794317480175 27.684916697045228 
199.02165600000058 26.139378448864107 29.344315238738766 
200.02056666666724 22.6260623227125 26.85226279501878 
201.02165600000058 28.742480136202232 20.712446532429226 
202.02165600000058 23.13780128839289 17.338388023981636 
203.02165600000058 23.21156894260283 30.101580165344615 
204.02165600000058 23.817821649232442 23.517677771370785 
205.02165600000058 22.61304841341948 20.071560468505304 
206.02165600000058 28.685849476601753 29.836297730972227 
207.02165600000058 23.39635588112815 23.196908115352162 
208.02165600000058 23.43278820576983 30.084925644795526 
209.02165600000058 18.2517173847208 28.721734002345062 
210.02165600000058 27.78547131189061 18.296337332979267 
211.02165600000058 22.722339306377034 33.702044357418195 
212.02165600000058 27.36770795194506 22.576485241894755 
213.02165600000058 14.099444924949632 25.427589616564305 
214.02056666666724 21.95133447878503 21.20830930168749 
215.02165600000058 22.925338684705437 29.008756548774375 
216.02165600000058 20.18866767484388 16.231156560402475 
217.02056666666724 19.81419079217762 27.18834289382686 
218.02165600000058 23.41955591203832 18.446412433426318 
219.02165600000058 25.03337691612479 22.729149783994753 
220.02165600000058 30.31488938840456 20.445342786643614 
221.02165600000058 23.457372750979243 28.932549017492395 
222.02165600000058 26.61215543914766 25.155769128550524 
223.02165600000058 29.006920807899824 12.485093389929853 
224.02165600000058 16.104503092122044 23.858434510242454 
225.02165600000058 31.585185708275056 30.041119706252818 
226.02165600000058 37.34674873320084 26.888342558866785 
227.02165600000058 25.702315320203553 19.547011944932123 
228.02165600000058 19.82789530518785 27.990829460542017 
229.02165600000058 26.547854697791813 27.573643091042676 
230.02165600000058 24.135714709911152 20.387871576727093 
231.02165600000058 26.49888191214752 25.398289531289695 
232.02165600000058 27.727652120968436 33.212662026132406 
233.02165600000058 29.483460744219755 22.341921454262092 
234.02056666666724 32.2587350025161 22.55568202821305 
235.02165600000058 18.732318126045506 21.845667909664055 
236.02056666666724 22.94655806351209 29.34331928287602 
237.02056666666724 18.74950693068317 33.64122433655116 
238.02165600000058 23.853451158382956 28.770801666595247 
239.02165600000058 21.68589312564007 21.046421397805844 
240.02165600000058 24.919699930380187 24.085416767557273 
241.02165600000058 27.351747620863208 25.475989507120754 
242.02165600000058 24.47892910867828 23.011163150923764 
243.02165600000058 29.841669089828855 21.794402922330168 
244.02056666666724 27.70605547866359 23.86210188003403 
245.02165600000058 24.86210575113802 20.206867671147666 
246.02165600000058 24.942728262240458 14.803066752366894 
247.02165600000058 38.73301868777924 20.654584502600617 
248.02165600000058 23.673417235005537 23.974011198738133 
249.02165600000058 24.109164338008323 23.714019806313523 
250.02165600000058 22.49761734123628 16.857258331660315 
251.02165600000058 24.913150578682252 37.695575912038116 
252.02165600000058 28.245328543940694 20.983116749243393 
253.02165600000058 28.294383055088037 29.143178429821305 
254.02165600000058 25.942992569408133 25.708044674621313 
255.02165600000058 29.634217881542206 15.360783849739136 
256.0216560000005 17.30745248395491 29.459517909140033 
257.02165600000046 16.19394479682277 13.737908537824692 
258.0216560000004 21.20537870651515 22.038287971702147 
259.02165600000035 30.18585953142791 30.818743441773762 
260.0216560000003 26.11441868092864 28.029154398686615 
261.02165600000023 24.16411184729837 29.774606004384633 
262.0216560000002 24.641224731308046 22.845817515052236 
263.0216560000001 30.30159339840798 20.635341295256666 
264.02165600000006 20.34623366453439 21.441040940576652 
265.021656 21.87822037643147 22.489114733008627 
266.02165599999995 22.70090625029366 28.467152987116194 
267.0216559999999 25.60694124807562 24.267633067357337 
268.02165599999984 25.420991634674575 25.163707850226533 
269.0216559999998 32.65278625283755 31.961761937466655 
270.0216559999997 30.978177527862183 24.544860421760674 
271.02165599999967 22.46279408679927 23.340415308600917 
272.0216559999996 30.91332611407548 24.131228152974536 
273.02056666666624 23.42499882641786 19.33106332297731 
274.0216559999995 26.588971998364013 29.093759102511438 
275.02165599999944 28.31292907781583 25.004846359428928 
276.0216559999994 25.48704855569899 23.839690609127548 
277.0216559999993 20.5766526721707 33.877548986309705 
278.02165599999927 11.990828277452938 30.216159737262988 
279.0216559999992 17.087237756787296 19.383231712891742 
280.02165599999915 23.675249137560023 29.002067205603293 
281.0216559999991 21.88075795691381 22.862115171374658 
282.02165599999904 29.24780254627089 21.960433882773273 
283.021655999999 25.377708626420432 20.240816017407425 
284.021655999999 28.584285994168656 28.918628101974065 
285.0205666666656 27.72830356936621 19.51926681979451 
286.02056666666556 20.8570069609643 20.87389964371716 
287.0216559999988 28.272993543377403 19.127654833528215 
288.02165599999876 23.036849320006233 22.863993193467856 
289.0205666666654 29.2457999649293 18.67947613597378 
290.02165599999864 28.935532629739566 23.986792524346722 
291.0216559999986 30.032825882201266 20.202911831679128 
292.02165599999853 27.36645918906117 19.226700352532482 
293.0216559999985 25.405625219613643 18.519746970415166 
294.0216559999984 25.126592747985015 15.925780281279277 
295.02165599999836 22.081580141222325 24.831848186796574 
296.0216559999983 19.02272011239585 28.638242189238436 
297.02165599999825 28.08411478732539 30.589994038171888 
298.0216559999982 23.844332357361765 28.846634901187272 
299.0205666666648 21.86781931479584 27.28551434315515 
300.02056666666476 22.86611284273537 28.88372758453464 
301.021655999998 23.114875622726377 18.559152089793436 
302.02056666666465 27.20426608324575 20.90862196115191 
303.0216559999979 28.272297059683968 25.461312189927586 
304.02165599999785 25.63667463007422 24.790720080868972 
305.0216559999978 20.70640674948836 26.664620278139004 
306.02165599999773 26.64378277708294 28.103429563947728 
307.0216559999977 23.711355749125865 25.706724613262242 
308.0216559999976 26.66758531594905 28.530222655101724 
309.02165599999756 18.579161401997876 16.292817141363926 
310.0216559999975 25.492889635377963 24.390465389683612 
311.02165599999745 25.18791577016684 11.467871488098776 
312.02165599999745 30.18637937151144 26.441071156740385 
313.0216559999974 23.304283245290158 27.217097052670432 
314.020566666664 26.39779393457127 32.49909355806597 
315.0216559999973 24.455808816989855 27.817070428823133 
316.0216559999972 31.538376068298884 21.642775978179753 
317.02165599999717 32.19287723108073 12.088602236856786 
318.0216559999971 26.932363829349484 22.906802230906266 
319.02165599999705 25.37499044774745 20.966168721196063 
320.021655999997 32.891129497598776 20.318316867936904 
321.0205666666636 20.74747338337024 22.69226258967181 
322.02056666666357 27.76314318050924 35.34118529299781 
323.0216559999968 15.003514957375701 25.416480735880267 
324.02165599999677 15.598125877413342 21.868388306109665 
325.0216559999967 30.3405105724664 27.018923426276174 
326.02165599999665 22.641171693630742 22.393249934264944 
327.0216559999966 23.122374986997848 26.065861223399185 
328.0205666666632 20.31221477149338 35.36878858260859 
329.0216559999965 18.593198523649207 22.237390886805528 
330.0216559999964 20.729524869116528 23.352317556717715 
331.02056666666306 25.8367247735539 29.68439319550159 
332.0216559999963 22.0253398826835 31.528392419666112 
333.02165599999626 22.2910823350768 34.132729784337286 
334.0216559999962 34.13350588728807 28.005003725111088 
335.02165599999614 23.19488837684416 20.134376740925656 
336.0216559999961 21.20224596648319 25.282168216116368 
337.021655999996 20.445818562425305 21.835895408971247 
338.02165599999597 20.804037410291883 20.959886266209242 
339.0216559999959 27.44983611466083 21.279623516911943 
340.02165599999586 19.11902298894032 25.399922664182398 
341.0216559999958 33.34040033072803 19.142901839521713 
342.02165599999574 18.78689170457036 26.268942221154624 
343.0205666666624 21.74529945092496 31.33015610412799 
344.02165599999563 26.41973734609736 21.015887168885598 
345.0216559999956 34.10518116732563 28.332565587254507 
346.0216559999955 24.184887534775978 17.948463528713177 
347.02165599999546 23.925980570388003 31.722779679578863 
348.0216559999954 27.85608194784675 20.110959328527976 
349.02165599999535 22.98164379380342 18.071051679989466 
350.0216559999953 27.97699857146678 19.876494959530216 
351.02165599999523 29.183198506849642 30.870042105782343 
352.0216559999952 22.770009466103385 23.344079166738787 
353.0216559999951 28.066518614903764 30.853187302749518 
354.02165599999506 28.06324664751442 27.135068210672586 
355.021655999995 29.11944805782382 36.265696659330324 
356.02165599999495 31.71172387616839 24.168220242884605 
357.0216559999949 31.500043854743534 24.227626971843804 
358.02165599999483 22.70656294245807 28.186427297733527 
359.02165599999483 28.632135569183 19.574423417217258 
360.0216559999948 22.1059811204451 25.790287452014002 
361.0216559999947 22.72391816600523 25.316875510324024 
362.02165599999466 23.764321855215723 23.846308585313984 
363.0216559999946 31.85555222905908 26.612087911782936 
364.02165599999455 30.06151877948935 23.654782450764543 
365.0216559999945 25.519599963385414 30.099851884808682 
366.02165599999444 19.26216134451835 26.927777578715578 
367.0216559999944 22.66565091928114 24.768780452504423 
368.0216559999943 27.096380291495546 29.059850190968273 
369.02165599999427 25.095391095289862 21.429763193393704 
370.0216559999942 24.336278719913345 31.992743425972822 
371.02056666666084 33.88841387783597 28.08153636384955 
372.0205666666608 25.46704462076799 29.14098220745305 
373.02165599999404 28.690264712749954 29.528838080419128 
374.021655999994 23.882472685065274 19.106202526069435 
375.0216559999939 17.59934471799438 20.024776738566732 
376.02165599999387 35.66777902058818 22.795554803638133 
377.0216559999938 22.44669547144148 29.482791753945428 
378.02165599999375 27.65450054334735 31.350719694857492 
379.0216559999937 23.770463408544842 24.473328640996115 
380.02056666666033 28.95638434424919 33.72210439913982 
381.0216559999936 20.38356858182829 22.549676170490315 
382.0205666666602 26.70426321650697 31.52202070091431 
383.02165599999347 23.80231829258144 25.395304229443628 
384.0216559999934 22.831177673160997 25.518430005772345 
385.02165599999336 27.650014211560134 21.943563834649975 
386.0216559999933 25.968430698281985 19.342584388205328 
387.02165599999324 23.574988911277728 18.135679702293963 
388.0216559999932 26.28606271067193 23.818421493388303 
389.0205666666598 34.83634355518545 23.24759092187329 
390.0216559999931 27.3474135200938 21.803804384505675 
391.021655999993 26.192425077932583 15.425725813412116 
392.02165599999296 30.62540447665633 23.198265371452674 
393.0216559999929 28.51451377741633 24.438898339663783 
394.02165599999284 27.182122365987002 18.972202396037563 
395.0216559999928 20.056432049627073 25.001228735840275 
396.0205666666594 22.4407189098852 27.35051420662894 
397.0216559999927 23.559986382778348 26.277066103640863 
398.0216559999926 22.572139667882837 22.989362320386384 
399.02165599999256 21.348506891653876 21.377350232227073 
400.0216559999925 31.317852315955314 29.105578882518714 
401.02056666665914 20.35492002274577 23.70247695100171 
402.0205666666591 17.35014604182907 24.27927302940905 
403.02165599999233 24.37774775131172 27.096399788869746 
404.0216559999923 22.22512052885036 13.242037696577322 
405.0216559999922 23.404885987058314 28.103819027235325 
406.02165599999216 18.887039021207663 24.316011313661267 
407.0216559999921 35.92829992524811 19.890202470624143 
408.02165599999205 27.523946785743767 21.417030960887118 
409.021655999992 28.6058845779728 25.366286236377285 
410.02165599999194 24.2631954395176 16.964386323718866 
411.0216559999919 17.14209146058787 15.921883661247247 
412.0216559999918 33.05203783457483 32.648847263705655 
413.02165599999176 21.08662201141053 26.731816703442117 
414.0205666666584 31.04734258275789 23.89125099820377 
415.02165599999165 19.59001253708753 20.269644616546735 
416.0216559999916 23.621012134011828 20.543176927795674 
