0.0053159999999999995 0.0 0.0 
1.005316 0.0 0.0 
2.021656 13.58583722624433 32.509834476175115 
3.0205666666666664 69.73333119805068 50.41595773002742 
4.021656 44.33359463394824 23.839978285686247 
5.021656000000001 38.31476524286602 62.415005252179746 
6.020566666666668 52.3494681931907 77.67137464342241 
7.020566666666669 66.41302547444798 37.88030539247553 
8.020566666666669 53.93961781701344 54.01701164897799 
9.020566666666667 35.05142553484437 29.06079862544184 
10.020566666666667 56.9662847877285 68.50619387931883 
11.021655999999998 78.16109881683424 54.383079905385614 
12.021655999999997 41.973298235794516 36.315324239203086 
13.021655999999995 79.14154202600113 51.981037400975154 
14.021655999999995 53.10972556795951 47.078539864439364 
15.021655999999995 20.03408345566643 50.784055832808924 
16.021655999999993 55.44006056010486 27.471339754955892 
17.021655999999993 56.49938808364291 26.326569434094857 
18.02056666666666 33.93610404824436 60.56855721779897 
19.02056666666666 47.65735542735492 31.55178708363525 
20.021655999999993 27.736674904022713 31.679736144920494 
21.021655999999993 45.11617554127537 39.400486823322396 
22.02056666666666 63.41833118116409 82.00521281473661 
23.02056666666666 32.4649572614446 68.62698792576175 
24.02056666666666 72.2062876747714 43.97064025862478 
25.02056666666666 46.70255160669152 99.22648089819309 
26.021655999999993 74.21085269368503 33.134039186526216 
27.021655999999993 68.48568302993073 26.758728235744503 
28.021655999999993 78.02848053314693 26.356864349196634 
29.021655999999993 65.91583562375182 24.685174086645404 
30.02056666666666 46.1979054724822 55.84219264372186 
31.02056666666666 32.23152101668028 64.13860553691794 
32.02165599999999 35.94957478721244 30.838220676114233 
33.02056666666666 47.4456037239478 45.11510758702604 
34.02165599999999 37.89553551555695 60.584080629140885 
35.02165599999999 26.472582312665388 21.010493723684654 
36.02165599999999 16.484088994810783 48.581532697855195 
37.02165599999999 43.6561428804609 30.912096938691302 
38.02165599999999 15.12538606993926 36.311878018376945 
39.02056666666666 62.9875873466391 49.67119530934221 
40.02056666666666 65.16766110725129 56.46265997088658 
41.02056666666666 56.83565019236457 57.28001888236546 
42.02056666666666 49.39171871235712 65.48998954510256 
43.02165599999999 60.635123324923235 63.946768009037775 
44.02056666666666 62.77038799317542 86.66844970999458 
45.02056666666666 79.19188726548137 45.03798330007416 
46.02165599999999 37.77105246333375 63.369788846211236 
47.02165599999999 60.3434673850969 55.979294281261204 
48.02056666666666 59.01686683923739 86.20068557295724 
49.02165599999999 48.447441166085035 36.105484281003115 
50.02056666666666 43.43662417084112 66.56195591598978 
51.02056666666666 36.967381381435 47.85670537940054 
52.02165599999999 46.3730887152154 38.764808066662226 
53.02165599999999 33.15299243630757 49.659327207580915 
54.02165599999999 15.543410505049472 28.885153699823196 
55.02056666666666 27.50332911560299 66.81362262987435 
56.02056666666666 35.45615497323566 42.86016804991844 
57.02056666666666 63.91417722182745 75.33152754177353 
58.02056666666666 31.1080911115125 52.40238777686981 
59.02056666666666 81.3503146893507 89.98324914458149 
60.02165599999999 44.53029085568671 19.046768760888064 
61.02056666666666 52.05199146324242 47.46570434426188 
62.02165599999999 39.22518581379397 57.793296207158264 
63.02056666666666 65.04743914987871 49.06188156529124 
64.021656 80.31934241134111 12.954425236367769 
65.02056666666667 71.0360854432261 49.59215529760592 
66.02165600000001 62.01072249643429 24.479119431290115 
67.02165600000001 38.20641045645242 31.015127661495075 
68.02165600000002 50.78010478461202 22.486505658007882 
69.0205666666667 30.51012003844322 14.29299922652438 
70.02165600000004 36.94514202106859 27.107715748894886 
71.0205666666667 42.50020994814611 45.71040903160695 
72.02056666666671 65.4939491724182 72.18817694230609 
73.02165600000006 33.66296994618454 56.752266245872335 
74.02056666666674 73.79365206417839 53.10222512824021 
75.02165600000009 40.64158778477585 46.484659953464906 
76.02165600000009 38.76075667738347 52.705431802465675 
77.0216560000001 67.30651494008625 47.940795877017656 
78.02056666666678 47.70486521171898 50.71869939092532 
79.02056666666678 41.12788638231123 41.86485693699863 
80.02165600000014 43.19619777046873 12.495888858838114 
81.02165600000015 22.758880507190003 14.192012416679852 
82.02056666666682 33.30580505437436 58.60455712168945 
83.02056666666684 59.36328023767698 69.62193244004058 
84.02165600000018 67.32688928096734 36.803067729947905 
85.02056666666684 68.43196804082334 78.27114771527872 
86.02056666666685 72.80906047592919 20.82534240046581 
87.02056666666687 74.6566196669104 36.90551823603509 
88.0216560000002 19.53692780010788 46.559696367895135 
89.02056666666687 52.01944920907095 52.93280126897985 
90.02056666666688 55.30449942069331 58.21229552966165 
91.0205666666669 45.5142991195755 45.56436418312471 
92.0205666666669 26.93584546648323 79.86669214261246 
93.0205666666669 35.61868133444945 62.35197821188017 
94.02056666666691 51.18783614079579 33.90839274766023 
95.02056666666692 47.50528675557004 42.20049562788618 
96.02165600000026 66.76089162065541 51.402325949772866 
97.02165600000026 37.30308312414732 31.238517401058886 
98.02165600000026 34.27846813213783 39.211257380537134 
99.02165600000028 36.584649671998065 15.755233325858178 
100.02165600000029 79.98316932986195 44.065607141607465 
101.02056666666697 42.02227842272383 39.87680893234959 
102.0216560000003 41.04234217527153 47.611612785950925 
103.020566666667 72.47804102303965 51.24842697888797 
104.02056666666701 65.0608697033434 66.29019332246173 
105.02165600000035 44.290433492779485 22.889230379039528 
106.02165600000035 61.39107878970832 34.799322237269465 
107.02056666666701 45.86330636565263 47.71893686698422 
108.02056666666702 26.61175236176878 68.35871581347988 
109.02056666666704 90.82820209210291 42.12879021112905 
110.02056666666705 67.69463618072136 50.02910786591905 
111.0216560000004 56.222933510721944 30.329383891860182 
112.02056666666707 77.21177815066744 66.98161652484902 
113.02056666666708 67.27511631210692 36.89099562856392 
114.0205666666671 37.9005938527427 76.51230593350719 
115.0205666666671 36.62471662860915 28.18866695918694 
116.02165600000045 18.21298409241437 34.400577200977175 
117.02056666666712 40.59460168877035 46.32698758080543 
118.02165600000046 42.69976264201421 36.492354769400364 
119.02165600000046 31.543377878896173 20.950172305073963 
120.02165600000048 55.85071096401085 15.579353420185036 
121.02056666666715 47.55139744147497 71.07500940549184 
122.02056666666716 45.88155112286748 54.35196668130252 
123.02056666666718 52.30381202632389 65.75275368210355 
124.02165600000053 56.4284732431072 44.576043381093065 
125.02165600000055 55.286905454813166 54.426795620110546 
126.02165600000056 63.86715356090264 56.298688687444255 
127.02165600000058 43.31728429617612 48.543861118556705 
128.02056666666724 32.90243449809288 50.84297038895475 
129.02165600000058 68.61502775481488 45.133698022845635 
130.02056666666724 47.20273576354824 42.02281459140641 
131.02165600000058 61.632466330425814 51.089787489823266 
132.02165600000058 36.67868174237188 15.247443248833235 
133.02165600000058 55.77051236081079 30.492784188032314 
134.02056666666724 40.41852881957803 44.72582090278126 
135.02056666666724 47.31359910598186 57.70316376605919 
136.02056666666724 62.30741501394991 45.66579574644157 
137.02165600000058 20.80637079908852 21.385980342744993 
138.02056666666724 63.26087268968266 56.16316173614601 
139.02056666666724 44.53548287428656 59.43054421207131 
140.02165600000058 24.855365565160856 13.087962759146386 
141.02165600000058 53.61008058216746 53.862583559135636 
142.02165600000058 73.77436357766051 41.137204553585285 
143.02056666666724 72.37693200562015 75.82379917888323 
144.02165600000058 44.77351962912468 46.782168403430795 
145.02165600000058 37.77763235443388 45.736449794218224 
146.02056666666724 71.02614744115364 72.80598871317005 
147.02165600000058 51.33959626359459 39.334580630008524 
148.02165600000058 67.88698060993954 26.503741814603124 
149.02165600000058 55.71107888801459 49.817959208496774 
150.02056666666724 63.85756662509818 48.97348235112329 
151.02165600000058 28.766986379698775 52.738911781452956 
152.0194773333339 52.3042762127051 85.9856194758631 
153.02165600000058 35.08411535978916 56.795420321008194 
154.02056666666724 46.44715341641929 58.50323499327311 
155.02056666666724 87.9808047416231 25.36080989654073 
156.02056666666724 46.29214174242995 50.15247082040954 
157.02165600000058 61.83005148646167 42.928034526909265 
158.02165600000058 51.43277330386581 43.693822198233384 
159.02056666666724 32.50341861626265 55.24800999845213 
160.02056666666724 59.46353358189637 48.97457520648606 
161.02165600000058 60.17726971406543 41.478109628786875 
162.02165600000058 38.659168225456135 42.819676609272676 
163.02165600000058 42.46488320335297 43.645927624233636 
164.02056666666724 67.0112491606921 85.26605874874278 
165.02165600000058 50.60391822695388 28.233142193076556 
166.02056666666724 66.4749207469261 40.36846443776426 
167.02056666666724 59.96671983157725 44.89618058254013 
168.02056666666724 41.3817249686407 32.66883227002294 
169.02165600000058 66.1406040466425 53.344313863743174 
170.02056666666724 40.91395975277383 43.53286776732859 
171.02165600000058 35.96923946694538 31.165438102848924 
172.02056666666724 37.2629849237065 56.82094501800841 
173.02165600000058 72.20039799319288 47.816412120459056 
174.02056666666724 63.83965034950333 71.56061713721023 
175.02165600000058 49.67095112800159 48.318662747959095 
176.02056666666724 53.422283254157 65.41488897500896 
177.02056666666724 73.10817272803304 59.84580401163688 
178.02165600000058 61.7669654110057 51.592888789305995 
179.02056666666724 59.44262839649899 64.33281318973665 
180.02056666666724 65.69099011651828 26.34419583136936 
181.02165600000058 76.7468601928002 35.343307793664025 
182.02165600000058 39.52593507588633 38.412955594366174 
183.02165600000058 42.78579086461604 24.230036808233244 
184.02165600000058 55.83982693165421 63.441516092011625 
185.02056666666724 35.82803472880299 31.32543090468831 
186.02165600000058 59.41667076252574 26.833304264355835 
187.02165600000058 68.22892005842782 37.799060445317295 
188.02056666666724 31.90770325912299 63.73209889919026 
189.02165600000058 23.243054234692785 40.058368299158765 
190.02274533333392 23.81046096402637 -1.9779849151064397 
191.02165600000058 41.35710117141035 43.110300712632956 
192.02165600000058 68.6012470307657 34.636074370957665 
193.02165600000058 60.25922986795162 13.356508682786135 
194.02056666666724 57.078985769024 56.66740634279397 
195.02056666666724 80.5330673861583 67.44588687971736 
196.02165600000058 16.39092294967145 26.957833915259666 
197.02165600000058 58.36227085357717 34.270407830008985 
198.02165600000058 55.99789915879919 49.478723761665464 
199.02056666666724 53.6468682576079 39.16458766400175 
200.02165600000058 23.82800308542699 52.118043838692124 
201.02056666666724 58.79009671146009 47.21468456866199 
202.02165600000058 46.08403485541864 61.067487318239884 
203.02165600000058 81.79720554843408 34.341786795402406 
204.02165600000058 72.38776556894791 46.483008840328566 
205.02165600000058 56.56329494435806 50.735080816290626 
206.02165600000058 76.15981703994703 43.879402797667815 
207.02165600000058 63.43639408867568 40.828369427206475 
208.02165600000058 12.35397279844247 11.890351525489379 
209.02056666666724 29.36569522947844 76.03635352339909 
210.02165600000058 58.32228105060441 35.829888462542485 
211.02056666666724 42.199659540303 59.21989633970247 
212.02165600000058 32.027507670813804 12.696022805638805 
213.02165600000058 21.737219939300456 61.574117251822884 
214.02056666666724 52.5009680829611 81.91326261485189 
215.02165600000058 55.55481457882425 57.301509446677564 
216.02165600000058 69.54584058739874 61.439777087793985 
217.02165600000058 71.66419760186153 44.570004203165404 
218.02165600000058 83.84509120386237 43.237785418384625 
219.02274533333392 46.30295565368599 -0.4423676924067621 
220.02165600000058 72.35971283715155 50.958860163255714 
221.02056666666724 74.95253419499196 72.93129982954538 
222.02056666666724 39.39875707700246 50.75902363728555 
223.02056666666724 54.33646699959408 71.92175571563675 
224.02056666666724 38.4420126368459 39.27406504981196 
225.02165600000058 40.47549220178209 45.289897917654415 
226.02056666666724 49.48623069249355 49.19557228876786 
227.02056666666724 40.60304643364871 71.83114436020554 
228.02165600000058 76.71943917457193 31.082688844390365 
229.02165600000058 29.968720047087327 34.659897799896854 
230.02056666666724 38.75015848545501 35.48036578014795 
231.02165600000058 49.806726303605146 19.963392901588332 
232.02056666666724 84.62874954325132 58.13090345215569 
233.02165600000058 38.244796459698975 59.751232506472356 
234.02056666666724 44.6872304363344 68.02622984252892 
235.02165600000058 25.43408967621009 34.831235104174915 
236.02056666666724 41.0112061798224 45.56350038083972 
237.02165600000058 57.69235748878432 52.588616196874554 
238.02056666666724 32.77717568255827 37.39063529452711 
239.02056666666724 48.36121537689393 48.30838242289204 
240.02056666666724 45.31681592172724 33.94187784928492 
241.02165600000058 44.517801835088235 25.897638453849066 
242.02165600000058 68.61136350180406 19.606932788659435 
243.02165600000058 53.70704435455656 23.181505622308613 
244.02056666666724 66.69043806979019 74.69893668710459 
245.02056666666724 57.07667592621447 53.59473542900662 
246.02165600000058 48.00903836343862 48.528358248907224 
247.02165600000058 35.369906530388675 30.416022248622568 
248.02056666666724 7.188198776383302 36.57251264816092 
249.02056666666724 45.31230272250788 43.39619339168738 
250.0194773333339 51.124416621342 84.8064941511509 
251.02165600000058 16.80754475162884 63.713044797531815 
252.02165600000058 80.1523641614066 43.428248692836505 
253.02165600000058 54.29224650765301 25.945901103880445 
254.02056666666724 55.35935283769101 64.03873532705803 
255.02056666666724 70.0662315552992 74.64267653872781 
256.0205666666672 53.20567467588594 54.99588068816328 
257.02056666666715 37.39967121220921 52.91569926108803 
258.0216560000004 60.545205063209806 34.803231650906916 
259.02165600000035 56.76946560876316 63.678776275491884 
260.020566666667 28.76660256545152 67.32135679020159 
261.0205666666669 53.52420431455161 70.74663954390257 
262.0216560000002 32.05155027531452 38.160903077608765 
263.0205666666668 30.54395577720647 51.95608866192245 
264.02165600000006 65.7388977656514 40.754635843521385 
265.0205666666667 86.82560279718794 61.70574212938788 
266.02056666666664 67.2957818432786 81.84174910260188 
267.0216559999999 53.37584115038199 39.500658635282264 
268.02165599999984 45.32105143242363 53.206933844205174 
269.02056666666647 43.83999275431656 53.57425058711881 
270.0205666666664 66.82335861140407 52.14330189233823 
271.02056666666635 66.5174617792368 64.36879952861024 
272.0205666666663 69.369063360508 6.754686054876281 
273.02165599999955 39.792232824350094 37.064864383868496 
274.0216559999995 74.12405680384785 39.178391518459016 
275.0205666666661 39.0318223480317 76.59525453978169 
276.0216559999994 46.80234192799621 29.760960210643365 
277.0216559999993 57.12537609380912 41.873746796550485 
278.02165599999927 39.78489770200384 43.554995361383945 
279.0216559999992 51.61608762218368 54.413559692174246 
280.02165599999915 43.55977085140484 36.775876808964355 
281.0216559999991 85.37245575708606 19.631895718928885 
282.02165599999904 37.49993105606501 19.364001431385127 
283.021655999999 54.487397854633095 63.750693274587825 
284.0205666666657 68.25039063163868 66.14678728399306 
285.0216559999989 64.24180861801013 58.979335320321084 
286.02056666666556 66.83928504353726 42.01540989924961 
287.0205666666655 63.7111946278447 78.78197399065571 
288.02056666666545 42.3413577064835 51.77401936933403 
289.0216559999987 67.30662363224121 31.274148848574754 
290.02165599999864 45.63555962286335 24.279023427714847 
291.0205666666653 70.25012782991301 49.19431736384293 
292.0205666666652 70.0950074174402 59.91215384705577 
293.02056666666516 39.22941609880771 50.25795653375921 
294.0205666666651 41.22626430903047 61.12249525961437 
295.02056666666505 91.4418890492346 43.19046583057521 
296.0216559999983 27.3861064354574 36.810417805502816 
297.02165599999825 37.42418831617264 11.793327429451857 
298.0216559999982 53.730074380056735 49.889892616241596 
299.02165599999813 54.01232551164484 39.746651816156316 
300.02056666666476 41.03700949354672 12.15478521529905 
301.0205666666647 80.7968404644648 49.78650199257737 
302.02165599999796 56.83594982698593 58.717435618196895 
303.0216559999979 55.71575680608715 36.056538024347034 
304.02056666666454 19.54877439553807 70.56906449968787 
305.0205666666645 80.32271868737462 47.42555494497452 
306.0205666666644 10.26517420162547 53.23435164573176 
307.02056666666437 69.23007536204526 62.20483610446263 
308.0216559999976 56.25350271293907 32.232736129183074 
309.02165599999756 42.86089207746791 54.183183953164516 
310.0205666666642 57.69776169192252 84.95838498938403 
311.02056666666414 69.21089620971843 32.87737964629045 
312.02165599999745 46.896205743852974 41.213046274271576 
313.0216559999974 50.39243741771788 49.088615226323206 
314.020566666664 66.40556690642838 86.12034312046097 
315.02056666666397 86.2335247162912 81.95974517488206 
316.0216559999972 42.81048100497027 30.199513616248744 
317.02165599999717 22.64027626489886 49.650620082249716 
318.0205666666638 34.7069842352084 55.40657460412532 
319.02056666666374 62.64515502292773 42.10005299996879 
320.021655999997 35.80861988069908 22.154365615383924 
321.0205666666636 50.01604287300718 32.61238779289877 
322.02056666666357 68.6644957672244 74.78852900163722 
323.0216559999968 43.53203971020442 19.302942915126884 
324.02056666666346 68.12893781486402 32.98342200262696 
325.0216559999967 39.03157103712019 59.653964605663674 
326.02056666666334 32.3788709760064 66.23634183825658 
327.0205666666633 71.16008092357171 49.27124333011326 
328.0205666666632 38.00507282453863 66.07176528100305 
329.02056666666317 61.2402649150453 64.35196198414417 
330.0216559999964 11.95301945692836 63.300533540414634 
331.02165599999637 66.26622856022234 47.327044127857064 
332.0216559999963 66.56243594552488 55.518253265023155 
333.02056666666294 36.62472347626448 85.33923245590594 
334.0216559999962 36.96675886398287 30.359677679201088 
335.02056666666283 63.06212989960742 40.61044330540002 
336.0205666666628 36.80254474601034 39.46949901339424 
337.021655999996 51.60007270525335 41.224618084346204 
338.02056666666266 48.89434470780861 46.39897508638223 
339.0205666666626 43.77380373072645 70.77636733031342 
340.02165599999586 44.50499742019196 19.835973084320113 
341.0205666666625 49.7688570446898 52.33363437358095 
342.02056666666243 48.29541390241588 67.26559829338191 
343.0216559999957 38.60291878429487 34.465270961088635 
344.0205666666623 52.77282192726392 51.49086857623954 
345.02056666666226 54.22664440805219 57.83999522129613 
346.0205666666622 58.8686479571713 42.05225398310629 
347.02056666666215 77.1791692046694 51.78942302344561 
348.0216559999954 67.44646623317598 43.556431109669745 
349.02056666666203 74.96915805368273 30.79291313530224 
350.0216559999953 41.87343525189774 40.354557691673484 
351.02165599999523 66.05420985003383 63.627871444537476 
352.0216559999952 70.71629561960751 44.625423906243746 
353.0216559999951 33.22652136861133 55.372859918973845 
354.02165599999506 52.43472638181798 63.743342849918065 
355.021655999995 54.68446314554145 57.583521749485435 
356.02056666666164 49.59050211078153 69.10263120406645 
357.0205666666616 47.10807551703912 56.27749724672773 
358.02165599999483 44.959382637990444 51.109621607926485 
359.0205666666615 45.45557137431433 95.75695290105759 
360.0216559999948 61.736051010249874 55.728959669505606 
361.0216559999947 33.318343757163774 33.307094193627314 
362.02165599999466 23.67862031323377 42.506039663976786 
363.0205666666613 36.19265674702449 40.20679646509329 
364.02165599999455 49.76445155397536 54.437719258001174 
365.0205666666612 78.2932014972284 48.08176561582074 
366.02165599999444 67.37714582887811 61.830341407149234 
367.0216559999944 74.60299775284057 30.747759709906003 
368.0216559999943 45.90739999028629 17.147612899159718 
369.02056666666095 56.61592062015731 47.42468502187569 
370.0205666666609 66.12749371661698 63.39830986471369 
371.02165599999415 54.59856926145549 28.022117171502796 
372.0216559999941 45.89549920922834 35.732991380045746 
373.02165599999404 47.12672874384911 43.671122690261306 
374.021655999994 39.9881356877696 45.308638582565294 
375.0216559999939 80.15792729044932 38.810778256402095 
376.02165599999387 52.66713701389531 50.881791609447646 
377.0216559999938 24.557161503863636 52.069081551095096 
378.02165599999375 33.88453989222664 46.916148061359564 
379.0205666666604 67.13515514212537 22.31640145870812 
380.02165599999364 34.39197798488695 55.937563139392964 
381.0216559999936 49.9741683683657 24.887826584366895 
382.0216559999935 62.26099441447173 33.615421255911215 
383.02056666666016 68.444070262884 43.75819289414538 
384.0205666666601 38.40514213758543 81.77451482308084 
385.02056666666005 40.6710376896283 41.35926852752091 
386.02056666666 48.66279560217774 37.05134840013413 
387.02056666665993 59.87906291270938 3.289274541906579 
388.0216559999932 57.97125324712939 63.600146581331316 
389.0205666666598 54.75839797973728 41.97925000755685 
390.0216559999931 36.60810750883947 22.186211224358782 
391.0205666666597 53.87348267894314 72.64736015676318 
392.02165599999296 64.89361369081348 54.316083982452156 
393.0216559999929 63.44161216565399 31.657312354740768 
394.02165599999284 61.045223172633605 53.802590912032144 
395.0205666666595 64.81989274076358 42.15092295052148 
396.0205666666594 38.82113899644197 59.77467003772548 
397.0216559999927 51.13756154376491 23.440809806399553 
398.0205666666593 42.35153989098109 57.31676014292882 
399.02165599999256 37.14989694216856 62.182476679861644 
400.0216559999925 46.95539860628015 55.406343769148485 
401.02056666665914 63.34571028893613 34.38048500722617 
402.0216559999924 77.93082663787521 13.483098726455268 
403.020566666659 55.09185101891781 98.18029730485554 
404.02056666665897 54.25691893585639 17.30308381360598 
405.0216559999922 46.61145853350919 29.255770490793186 
406.02165599999216 34.88000774019297 46.949887775146614 
407.0205666666588 35.78570436761567 27.98464375791079 
408.02165599999205 40.8903610041824 24.441872068912186 
409.021655999992 39.08029640713006 27.767873061459632 
410.0205666666586 63.41318229540095 46.86523401619872 
411.0216559999919 58.86121219372182 36.701044152275905 
412.0216559999918 64.58042554817182 18.762523482520475 
413.02165599999176 4.486184564274829 27.237511630550717 
414.0216559999917 64.37595973577153 31.439467997202435 
415.02056666665834 55.59057158697551 55.41072066470091 
416.0205666666583 44.00789970693546 29.38839516804152 
