0.0053159999999999995 0.0 0.0 
1.005316 0.0 0.0 
2.020566666666667 80.88717236246586 70.27497069351782 
3.0205666666666664 76.05002534610865 82.66680780804676 
4.020566666666666 84.63747465625292 84.89377617435665 
5.020566666666667 91.1262182646563 82.00755962220886 
6.020566666666668 77.28241408202861 77.99090485881369 
7.020566666666669 81.6139144845128 75.25326819894764 
8.020566666666669 75.2741571657909 75.20379850306969 
9.020566666666667 80.8836345193846 79.46502354843801 
10.020566666666667 78.16158177995 76.24991159912618 
11.020566666666666 84.8295918613331 76.94665426148393 
12.020566666666664 74.6140692535388 89.84882900289604 
13.020566666666662 76.93687140501937 74.76888133976118 
14.020566666666662 80.47814165733425 78.18502966935256 
15.020566666666662 76.80811311012071 81.30615379665448 
16.02056666666666 78.73059442782326 84.17569829301495 
17.02056666666666 77.2945417330061 79.40302811858133 
18.02056666666666 79.79218805230192 80.20428972638751 
19.02056666666666 78.3408953307739 87.72662719235367 
20.02056666666666 82.35744586896725 85.18307175760238 
21.02056666666666 78.4354997993124 75.81673326303492 
22.02056666666666 73.44282832251143 81.82477996671606 
23.02056666666666 78.97201860703494 74.29816027850917 
24.02056666666666 72.8515361163202 78.32436431099715 
25.02056666666666 77.61285215100419 79.67947833694849 
26.02056666666666 82.80780116933762 79.24019045007347 
27.02056666666666 73.94635936642716 77.21225028769483 
28.02056666666666 73.99192907077048 75.56118379470378 
29.02056666666666 74.6026291036242 77.18699669641055 
30.02056666666666 75.0733045787485 82.05983612161954 
31.02056666666666 71.83135027380989 81.73546536893014 
32.02056666666666 78.69076707065676 69.22785180891157 
33.02056666666666 81.99091526496898 87.76824980788041 
34.02056666666666 70.90295064208642 79.56085110073421 
35.02056666666666 73.91638765954221 74.73672905063071 
36.02056666666666 77.91549421435124 81.20795175555428 
37.02056666666666 75.86741182406723 79.51774355683938 
38.02056666666666 69.4528310513603 79.41524135778452 
39.02056666666666 80.8999580821079 85.66671822858302 
40.02056666666666 80.3777369035429 84.30945743166744 
41.02056666666666 80.99601821821173 67.30495242957754 
42.02056666666666 77.56179660570841 72.76233931963704 
43.02056666666666 76.60698748972314 79.58998511504274 
44.02056666666666 80.21089456936043 87.85327891694041 
45.02056666666666 77.51873088371792 72.90736734220997 
46.02056666666666 79.78639414733058 80.39840858990185 
47.02056666666666 84.69873713882811 82.63054585884014 
48.02056666666666 87.88384256286665 88.15847306185248 
49.02056666666666 78.5673270307658 81.76053146448551 
50.02056666666666 81.84806691260485 77.88873463829489 
51.02056666666666 84.31894016076579 84.88016315596478 
52.02056666666666 79.96813613831232 78.91641961753677 
53.02056666666666 75.75725078445872 72.95002407165936 
54.02056666666666 90.9470116008494 77.83405817732117 
55.02056666666666 80.21348211861758 75.32024961509437 
56.02056666666666 81.93311010000964 75.65208600132388 
57.02056666666666 65.88815766936189 85.21795886817213 
58.02056666666666 78.83664143843406 77.65067703904107 
59.02056666666666 75.6580339187038 74.77503332035984 
60.02056666666666 81.34852699518294 87.19843272456758 
61.02056666666666 79.96672173881578 77.25252943668818 
62.01947733333333 85.6667204719887 69.9208190037397 
63.02056666666666 80.1694800136637 74.10092183193959 
64.02056666666665 84.56062244281291 81.88651429743481 
65.02056666666667 81.95557097457842 82.45337367625231 
66.02056666666667 85.26600966003585 75.46157356086324 
67.02056666666667 72.42302402962999 85.98716784053946 
68.02056666666668 80.8695845666734 84.86326238332485 
69.0205666666667 78.7398811640012 89.19249940842863 
70.0205666666667 81.1373947518086 80.72237584970969 
71.0205666666667 74.82190511969364 74.39303004104812 
72.02056666666671 82.3282387800693 86.44363992689063 
73.02056666666672 80.02952739124271 83.82728020858035 
74.02056666666674 76.1305144182607 80.29127323594464 
75.02056666666675 78.90557082882057 90.26061857521726 
76.02056666666675 76.01831799046973 86.12651928380937 
77.02056666666677 78.89342213574086 89.31283090152208 
78.02056666666678 82.1760559131636 84.80233416812943 
79.02056666666678 72.63081779293253 83.76567814939747 
80.0205666666668 83.46256723601115 77.60525694300244 
81.02056666666681 78.83569438787202 72.38580388962895 
82.02056666666682 83.66262120739573 85.39929023653647 
83.02056666666684 77.4730698632009 85.24685356491307 
84.02056666666684 84.0214050624843 83.74861824398717 
85.02056666666684 74.57551590752736 74.80701939351442 
86.02056666666685 86.5513804902981 83.73402295495205 
87.02056666666687 77.9686221877514 76.72539614391879 
88.02056666666687 85.7255168625826 79.85766175631856 
89.02056666666687 86.81616225018114 79.65256037206406 
90.02056666666688 71.7288316513647 87.05705048438203 
91.0205666666669 75.51322060120556 70.60784468459883 
92.0205666666669 76.6929355421084 74.62820943306416 
93.0205666666669 81.52058497717066 75.06681251153782 
94.02056666666691 76.03222359557142 73.08481605036704 
95.02056666666692 85.4161673851698 82.20609538302675 
96.02056666666692 86.8320678450268 81.85146378647612 
97.02056666666692 82.8403380532677 82.95961277633653 
98.02056666666692 88.40833464478429 75.81649232216604 
99.02056666666694 76.1613255645845 79.58117906743081 
100.02056666666695 89.76878998024475 81.14695357978907 
101.02056666666697 86.08180524239333 83.03807892413703 
102.02056666666697 76.55207605889308 78.97734466265881 
103.020566666667 86.484401465762 74.43947872459319 
104.02056666666701 74.70640694929529 83.88128155070046 
105.02056666666701 82.16496595269236 75.65422181744388 
106.02056666666701 88.3311218281124 83.62985700400665 
107.02056666666701 74.25772602488891 75.25387069386512 
108.02056666666702 80.33300662466317 78.10205272183825 
109.02056666666704 82.08242460870848 70.20258504845643 
110.01947733333371 83.6978609619382 74.1080752281264 
111.02056666666707 71.0408890011224 85.80218217125869 
112.02056666666707 71.89842364508979 76.29502258012207 
113.02056666666708 77.30785144184208 85.30035315002283 
114.0205666666671 83.76248859524168 80.31290067429994 
115.0205666666671 82.71379855947944 72.69300414222766 
116.02056666666711 83.70711481961044 82.37631866394042 
117.02056666666712 86.99093430656568 77.24606994898981 
118.02056666666712 76.5723058447779 77.43018512946973 
119.02056666666712 84.41182664570965 81.81739025319068 
120.02056666666714 88.81693404193355 79.87576273855419 
121.02056666666715 78.60710262921273 72.20277132452381 
122.02056666666716 76.30249813188065 72.67153014065524 
123.02056666666718 85.69378132530659 83.67147507558543 
124.0205666666672 78.48631348468665 70.58663368453028 
125.02056666666721 83.55168368644539 75.34641299043543 
126.02056666666722 74.4424006678061 77.34744671677794 
127.02056666666724 68.81832342618937 77.09582017149225 
128.02056666666724 77.05267749098502 83.99946694189214 
129.02056666666724 78.76083221376454 70.63712578237295 
130.02056666666724 84.06046709839353 75.37405579469679 
131.02056666666724 86.21795519714665 81.86975520759836 
132.02056666666724 81.40724791286291 84.00605435227612 
133.02056666666724 87.36945450426668 81.22006861363006 
134.02056666666724 87.6541751763286 84.70556331237059 
135.02056666666724 72.35523309294344 78.86297840236945 
136.02056666666724 86.86352072061827 81.40496065501188 
137.02056666666724 87.6240568684361 82.88559154767718 
138.02056666666724 80.24675932714536 78.02470064105913 
139.02056666666724 81.47649133491505 83.61560023766566 
140.02056666666724 75.46276636700823 80.59401024500177 
141.02056666666724 79.57852192150173 81.53139241825903 
142.02056666666724 86.04880590933868 86.28681111080377 
143.02056666666724 74.63597749726387 80.35032191967474 
144.02056666666724 77.96989453081989 82.65008073190886 
145.02056666666724 71.3669176127796 69.74763613085562 
146.02056666666724 84.28543727028256 79.24470662723789 
147.02056666666724 88.68993904324886 77.05208122712267 
148.02056666666724 78.1975235102129 75.33384445752094 
149.02056666666724 79.10632107176198 82.75250206468544 
150.02056666666724 85.2322787041914 74.23953958043316 
151.02056666666724 84.85804047478301 74.79197438186527 
152.02056666666724 79.63611820041861 70.71535568409263 
153.02056666666724 78.5413442968528 77.46731595761135 
154.02056666666724 73.10191215599883 75.80750467981643 
155.02056666666724 78.21586517591726 75.61152613974792 
156.02056666666724 82.04351882360382 85.02631815610647 
157.02056666666724 79.01764704383241 87.92626415787787 
158.02056666666724 79.6985839760437 80.02651102557122 
159.02056666666724 76.20121304096942 84.67855586620871 
160.02056666666724 76.09639490896953 74.74830430596144 
161.02056666666724 80.9442391695107 85.98199313415165 
162.02056666666724 89.35086925752258 76.33541994946901 
163.02056666666724 79.22452525362928 77.71666148711805 
164.02056666666724 80.23707827606516 77.57192269489825 
165.02056666666724 81.07907906432021 86.45688998687085 
166.02056666666724 80.75997335129848 76.32549215199586 
167.02056666666724 86.96236922884204 73.51799387426048 
168.02056666666724 77.11995120709584 81.65175432296165 
169.02056666666724 88.00980194963758 78.43454582761078 
170.02056666666724 76.61030519985042 92.08573982365758 
171.02056666666724 89.87068545746297 83.84470860834294 
172.02056666666724 83.19979871437214 84.86813990480061 
173.02056666666724 83.94975222639815 83.73401123212815 
174.02056666666724 91.4557710901228 78.81679373619609 
175.02056666666724 82.92454143046966 72.07850859480023 
176.02056666666724 83.4085742658312 73.22194673957092 
177.02056666666724 71.55260053139314 79.20044669231297 
178.02056666666724 79.2474145268323 78.46126139126284 
179.02056666666724 80.4618765204998 71.56139128181391 
180.02056666666724 78.86166834590856 79.90594063368873 
181.02056666666724 81.44433230457115 81.09435816313228 
182.02056666666724 80.67041813473091 83.33490635736835 
183.02056666666724 79.6361168023286 86.51104055206318 
184.02056666666724 76.93268891570743 81.81117265219152 
185.0194773333339 75.8523327913643 78.8544868222474 
186.0194773333339 89.9534090108615 85.3468678928045 
187.02056666666724 82.349536542468 83.94624615693355 
188.02056666666724 82.08751210557782 80.38690798353815 
189.02056666666724 76.57721031579757 73.72032334365198 
190.02056666666724 83.59058567211338 71.28719202530232 
191.02056666666724 73.45689536516652 80.78768759323953 
192.02056666666724 80.63932271770445 80.32110380030053 
193.02056666666724 81.53383788794434 76.78241963332489 
194.02056666666724 74.18002727162909 74.02461345388478 
195.02056666666724 69.96046394125679 80.07210687824377 
196.02056666666724 78.58519428633565 68.48614065015285 
197.02056666666724 78.93053898190901 81.54236859129958 
198.02056666666724 86.94529539149927 81.94425322247366 
199.02056666666724 86.72183068050495 83.34418545907339 
200.02056666666724 82.91469831957485 79.94718993013278 
201.02056666666724 85.04928912844356 79.15507459191127 
202.02056666666724 84.07667093916933 80.23916673476182 
203.02056666666724 72.72365513705678 87.96612306339759 
204.02056666666724 79.62587964847043 71.55427813255874 
205.02056666666724 78.81942205143856 77.51744104854149 
206.02056666666724 74.87381030580387 89.55892399220816 
207.02056666666724 81.27789005729632 74.55832696901653 
208.02056666666724 74.85786089451709 88.01960064508626 
209.02056666666724 81.2038323660906 72.85230792241548 
210.02056666666724 76.39404177365554 78.08798142555571 
211.02056666666724 81.5267955036242 85.86650613610394 
212.02056666666724 77.1327072723501 80.19239616101984 
213.02056666666724 84.27646159467733 76.28651038976518 
214.02056666666724 79.56364389082067 79.00923934973648 
215.02056666666724 79.13930081548732 82.41780792549564 
216.02056666666724 87.69070891304024 82.07334402201919 
217.02056666666724 82.35420886947026 72.18233953925701 
218.02056666666724 93.35023027319752 81.32078617797283 
219.02056666666724 74.62715686176495 75.76492736474373 
220.02056666666724 80.8286495684799 88.75616830441038 
221.02056666666724 84.26815276535844 77.10623228793328 
222.02056666666724 85.5214431613638 78.22768384065296 
223.02056666666724 78.90384871314862 79.30182187234756 
224.02056666666724 84.86946209223251 76.75194736052771 
225.02056666666724 76.8635539351186 83.76525008682219 
226.02056666666724 74.8657141324345 88.72411377649036 
227.02056666666724 87.43818989431342 76.15554414353552 
228.02056666666724 78.47675872627643 85.54919301756395 
229.02056666666724 80.41526235894472 80.61932155035448 
230.02056666666724 84.70721265178855 81.19700978175558 
231.02056666666724 86.4592317858743 73.70652191694863 
232.02056666666724 72.4843431799193 84.36038145145199 
233.02056666666724 81.03306699062155 79.72496460950902 
234.02056666666724 84.02038890061348 77.58259507665606 
235.02056666666724 77.8249099508144 79.79596777246732 
236.02056666666724 82.99359204152945 81.11157956375261 
237.02056666666724 81.56202672014489 80.01069905967938 
238.02056666666724 73.78181944485429 86.41857637159261 
239.02056666666724 76.3217364515842 82.85549713737757 
240.02056666666724 71.90766409382948 80.93588280559462 
241.02056666666724 75.69063657174921 78.55355234831966 
242.02056666666724 84.02565335000322 80.93470148751733 
243.02056666666724 74.21600652765025 78.41760680732011 
244.02056666666724 71.4333961123001 75.84065416887603 
245.02056666666724 86.06125894019976 82.74587503068196 
246.02056666666724 80.9004506818542 85.01336156692648 
247.02056666666724 75.77565612045677 86.65853707256892 
248.02056666666724 88.22987709621853 85.78199712273903 
249.02056666666724 83.91020746273621 81.80000533157298 
250.02056666666724 75.92502810448194 83.32442244605528 
251.02056666666724 88.57111531906227 80.30847638318043 
252.02056666666724 83.50197619296274 78.31799422051085 
253.02056666666724 82.10623208692063 81.43359383161865 
254.02056666666724 85.455985441316 83.63833145481722 
255.02056666666724 84.77500271094614 76.10870909934171 
256.0205666666672 74.40415293863084 76.66872326812549 
257.02056666666715 81.13290320704427 79.51980903334625 
258.0205666666671 81.3407006320478 72.70688934711616 
259.02056666666704 81.38418051941008 80.69365347784566 
260.020566666667 79.45271034690496 70.98992056682644 
261.0205666666669 80.5016054590964 74.69028136037255 
262.02056666666687 84.5344514264072 75.16514888349636 
263.0205666666668 83.75360446176336 83.36397955495738 
264.02056666666675 81.3041748367807 75.29242671451121 
265.0205666666667 84.48549366811984 86.34303227093436 
266.02056666666664 81.0986031486495 79.69865199521898 
267.0205666666666 80.10843741653616 84.10415112114268 
268.0205666666665 79.83741007248459 83.37177152102053 
269.02056666666647 86.20754411251858 79.17369831153924 
270.0205666666664 87.6293837686835 79.75832238781047 
271.02056666666635 86.18231467230792 79.27550862569657 
272.0205666666663 78.3016326806585 83.85936970659823 
273.02056666666624 83.58257615748937 82.49312321669382 
274.0205666666662 80.4848678397708 72.81452379262583 
275.0205666666661 71.61568523397155 84.88214418579022 
276.02056666666607 74.09594479155479 78.17499379533919 
277.020566666666 84.40223978873104 80.36430038306258 
278.02056666666596 74.72841112918482 84.17841863606371 
279.0205666666659 79.37710223396344 78.51403143287114 
280.02056666666584 88.5990039260349 69.75710633586692 
281.0205666666658 84.32268799167751 72.52665964936409 
282.02056666666573 85.03194347024626 77.29275155154345 
283.0205666666657 76.344504738628 76.03596937596085 
284.0205666666657 82.25153914302685 81.39993335820903 
285.0205666666656 77.64547952115093 87.08572241937598 
286.02056666666556 75.66493734079567 89.64935962939768 
287.0205666666655 74.80303008941007 75.30277515006145 
288.02056666666545 70.06139613162708 85.81786529504659 
289.0205666666654 79.9335085175271 81.53084027864352 
290.02056666666533 76.66988053361355 80.43824670378716 
291.0205666666653 79.33251858666534 86.07472983147322 
292.0205666666652 76.506444167599 82.41426944305717 
293.02056666666516 81.79498407168401 85.95474485665521 
294.0205666666651 78.66130410165736 81.93671328346312 
295.02056666666505 91.31398418155439 74.01824779037392 
296.020566666665 73.54019224738242 87.77640756504903 
297.02056666666493 72.9128305561378 87.32883775903807 
298.0205666666649 78.52048406564163 80.96098233968254 
299.0205666666648 74.46405356775325 83.15432963496693 
300.02056666666476 71.86697468337286 87.67271947468284 
301.0205666666647 70.31164565697027 74.36295666994023 
302.02056666666465 73.7375516053056 75.10850949340384 
303.0205666666646 83.03679959458138 82.73596349180676 
304.02056666666454 88.00756975964856 85.60072254601924 
305.0205666666645 78.25477789176253 74.77638272606443 
306.0205666666644 81.88030457179308 83.93039259624359 
307.02056666666437 74.2880313302898 75.44346659399685 
308.0205666666643 79.19078505103904 75.46448205780244 
309.02056666666425 76.7724542184231 72.92639757965573 
310.0205666666642 70.7779705702122 80.13827335003268 
311.02056666666414 73.76067083133688 73.24932043256216 
312.02056666666414 85.11672402432401 69.65428622057158 
313.0205666666641 80.20799492454903 73.65845045260163 
314.020566666664 85.01203079448888 78.42735893114144 
315.02056666666397 68.50676233483286 82.52913096567224 
316.0205666666639 84.42609050732084 78.40558083853149 
317.02056666666385 75.10427634382225 82.33318295907115 
318.0205666666638 88.07672494910496 80.24316614656674 
319.02056666666374 80.8446762580583 82.09003316428095 
320.0205666666637 86.8387334766945 86.09732877837693 
321.0205666666636 82.39126952202423 77.54547213473643 
322.02056666666357 78.6994196595882 83.25416607942728 
323.0205666666635 75.82879577609171 79.17542087278113 
324.02056666666346 80.5585963070144 75.01238256508744 
325.0205666666634 82.6287531686901 85.50020568365689 
326.02056666666334 78.12784988708799 79.96321845424504 
327.0205666666633 83.52232941031923 73.10570796891282 
328.0205666666632 77.46893539272781 78.26346389719339 
329.02056666666317 78.44680913285775 82.71527604611941 
330.0205666666631 87.46376451110551 72.69982517697318 
331.02056666666306 63.1817141850095 81.45378317466559 
332.020566666663 70.53966169584237 89.45867422698446 
333.02056666666294 76.7810265713979 77.33418629123946 
334.0205666666629 80.14959461038164 80.89797860587498 
335.02056666666283 78.4668010308692 90.78426485643418 
336.0205666666628 76.82749841927996 85.24931270549862 
337.0205666666627 77.07404780313088 83.45496212593179 
338.02056666666266 79.65789752041466 76.78520551118875 
339.0205666666626 82.12801836197869 82.29821875010909 
340.02056666666255 79.82379822588364 76.12409778955227 
341.0205666666625 77.64085283160905 85.97722985987797 
342.02056666666243 83.67834918799929 80.73187764850044 
343.0205666666624 85.7998989122437 77.55092083335232 
344.0205666666623 77.5762971735649 77.81296913044301 
345.02056666666226 77.5701383449032 84.27043433544692 
346.0205666666622 95.8508321461325 82.40242041832995 
347.02056666666215 73.6066827490008 79.59189837434808 
348.0205666666621 86.66041502760925 69.49543734868426 
349.02056666666203 72.3419530840614 75.02562919250194 
350.020566666662 92.24885131028452 77.93406326848454 
351.0205666666619 77.45010352402927 90.19299303472657 
352.02056666666186 85.41539852824745 83.05977821678448 
353.0205666666618 73.5992928783175 82.78029897579859 
354.02056666666175 84.93762870596102 77.30637009896255 
355.0205666666617 88.53172312803662 72.22568939085959 
356.02056666666164 78.3232198867951 72.86016570716244 
357.0205666666616 81.6698890015906 78.90518278372363 
358.0205666666615 72.8385543465261 75.77039731222798 
359.0205666666615 69.95235829339413 80.24511804242177 
360.02056666666147 88.05917438542227 74.03361409294628 
361.0205666666614 79.66359251923639 84.19448527277272 
362.02056666666135 70.27152402689799 79.78131072334295 
363.0205666666613 74.64505204421555 74.16609484745517 
364.02056666666124 72.74350820586947 81.68996252209408 
365.0205666666612 86.80975051154022 73.72034097321952 
366.0205666666611 82.3684390449697 85.47736384269646 
367.02056666666107 81.18915044601884 78.68946208033486 
368.020566666661 91.0791816675742 78.82161055111665 
369.02056666666095 70.19676879988822 75.57884155330265 
370.0205666666609 77.61892914880629 81.85571992782798 
371.02056666666084 79.23020477488318 85.97394240555143 
372.0205666666608 74.77158827572245 85.77794877758117 
373.0205666666607 85.96757064954832 79.37479265776045 
374.02056666666067 84.96565800583535 75.34786999896238 
375.0194773333273 71.7380469039003 84.8932130963922 
376.02056666666056 87.18673368662822 79.33183397172085 
377.0205666666605 75.25027021391317 81.21526002308725 
378.02056666666044 72.39180615605187 79.72849297670508 
379.0205666666604 77.05611956210745 74.91087205793004 
380.02056666666033 77.41304237320362 80.50892811950958 
381.0205666666603 80.46362305152225 77.14933276121322 
382.0205666666602 77.70737652872681 82.61117174423353 
383.02056666666016 81.9509867042824 83.41534557138243 
384.0205666666601 74.1671494638662 80.24039548485216 
385.02056666666005 79.2694403141499 81.44577077087132 
386.02056666666 76.42919272734062 82.70568931052675 
387.02056666665993 74.1600544925503 69.00603206365642 
388.0205666666599 76.74855224071848 77.34793084815763 
389.0205666666598 75.48366988855129 76.70627860014919 
390.02056666665976 76.03448369817218 88.90040184311019 
391.0205666666597 70.42221644664 85.94526204815568 
392.02056666665965 83.7786095156027 80.39528129786399 
393.0205666666596 79.82876376052178 81.26185265163976 
394.02056666665953 82.077656019066 76.58224690387685 
395.0205666666595 80.99967954097778 82.86366836176298 
396.0205666666594 80.93377054281918 81.69444074191557 
397.02056666665936 81.1781848696736 81.10552254499693 
398.0205666666593 78.39198872780305 83.31594552675628 
399.02056666665925 76.79428695222379 79.26755299493989 
400.0205666666592 76.3106156617585 83.17598761125403 
401.02056666665914 66.65414064872543 77.10874693722498 
402.0205666666591 73.77293493072564 88.36634268547407 
403.020566666659 85.01026778499786 80.00888135059999 
404.02056666665897 76.97019954237884 77.38816581104392 
405.0205666666589 78.63735995216905 86.17894954661729 
406.02056666665885 87.05053198273181 76.43457943712296 
407.0205666666588 78.96919504619225 81.56303675839551 
408.02056666665874 93.30472772371691 74.19834137275072 
409.0205666666587 73.69124505782086 75.14932474786559 
410.0205666666586 77.99965166346242 82.36718214920913 
411.02056666665857 86.10971687071448 82.52767209256017 
412.0205666666585 85.4122333200987 86.29348240562297 
413.02056666665845 81.33905974870267 80.36041873798577 
414.0205666666584 82.7686694115138 79.69569707669919 
415.02056666665834 77.26705678134016 83.17933057898529 
416.0205666666583 92.54975815047271 73.69583726877545 
